0.991841
0.740705
0.997384
0.808401
0.860142
0.397681
0.711556
0.687241
0.932824
0.150094
0.956081
0.967770
0.999603
0.396376
0.376823
0.393416
0.761039
0.962591
0.942210
0.991201
0.766450
0.752004
0.835828
0.924318
0.729349
0.970529
0.880819
0.770484
0.943030
0.905017
0.779771
0.768435
0.724983
0.409941
0.896102
0.511812
0.956344
0.971187
0.832633
0.903247
0.762679
0.875249
0.945869
0.948283
0.920494
0.959431
0.990742
0.923095
0.883722
0.621424
0.937176
0.329790
0.459066
0.996443
0.987437
0.999347
0.608513
0.893514
0.923255
0.594704
0.973845
0.837066
0.986779
0.996617
0.448669
0.996744
0.385653
0.548642
0.932389
0.422885
0.882368
0.676700
0.988775
0.787990
0.642998
0.801799
0.765645
0.901706
0.760951
0.851568
0.566992
0.999833
0.841221
0.973289
0.901504
0.915035
0.724510
0.993801
0.857346
0.582764
0.340453
0.767765
0.947315
0.410983
0.471629
0.980620
0.315107
0.761278
0.796251
0.939603
0.871146
0.995684
0.670498
0.933847
0.932762
0.873024
0.985118
0.819903
0.583316
0.954088
0.698419
0.999020
0.411526
0.999897
0.932552
0.946266
0.764128
0.942017
0.775938
0.477915
0.958832
0.798762
0.907076
0.439813
0.881232
0.841207
0.972982
0.859781
0.996321
0.856733
0.977538
0.971838
0.592155
0.998680
0.671822
0.951886
0.936844
0.978960
0.879493
0.633274
0.756394
0.634039
0.617563
0.883202
0.891632
0.552616
0.707483
0.875395
0.987017
0.717026
0.609699
0.998415
0.535188
0.817762
0.995658
0.691472
0.892098
0.864187
0.827693
0.991203
0.915001
0.472086
0.606670
0.959122
0.776775
0.907158
0.964562
0.758009
0.977886
0.399419
0.730238
0.556502
0.749762
0.955902
0.413437
0.943314
0.742402
0.521651
1.000000
0.953127
0.966264
0.651805
0.311625
0.837556
0.994919
0.572772
0.956821
0.928636
0.995002
0.970976
0.236563
0.266616
0.881099
0.972372
0.900032
0.998935
0.718798
0.539851
0.984100
0.884243
