1.743232 0.503883
1.676029 0.666658
1.676029 0.666658
1.788872 0.387084
1.658489 0.703464
1.667219 0.685539
1.667141 0.685704
1.651339 0.717526
1.783423 0.40079
1.830883 0.287162
1.663683 0.692896
1.663683 0.692896
1.663683 0.692896
1.781981 0.404436
1.736991 0.519881
1.823929 0.302817
1.823929 0.302817
1.837321 0.273055
1.75608 0.470791
1.75608 0.470791
1.75608 0.470791
1.711096 0.584931
1.711096 0.584931
1.711096 0.584931
1.896933 0.163646
1.895302 0.166072
1.796874 0.367197
1.838768 0.269937
1.820546 0.310578
1.89379 0.168352
1.89379 0.168352
1.89379 0.168352
1.757484 0.467172
1.757484 0.467172
1.805026 0.347287
1.839363 0.268662
1.839363 0.268662
1.839363 0.268662
1.70577 0.597913
1.733636 0.528447
1.733636 0.528447
1.844633 0.257512
1.70493 0.599945
1.70493 0.599945
1.70493 0.599945
1.733151 0.529683
1.762228 0.454947
1.718545 0.56651
1.762656 0.453846
1.846494 0.253642
1.602578 0.796782
1.798853 0.362328
1.908411 0.147531
1.908411 0.147531
1.799395 0.360999
1.799395 0.360999
1.799395 0.360999
1.799395 0.360999
1.799395 0.360999
1.730207 0.537167
1.927285 0.124709
1.816645 0.319641
1.816645 0.319641
1.816645 0.319641
1.816645 0.319641
1.691533 0.631694
1.691533 0.631694
1.691533 0.631694
1.909885 0.145584
1.774958 0.42229
1.774958 0.42229
1.774958 0.42229
1.774958 0.42229
1.728279 0.542054
1.773678 0.42556
1.773678 0.42556
1.720516 0.561592
1.720516 0.561592
1.720516 0.561592
1.911453 0.143544
1.911453 0.143544
1.870329 0.207374
1.870329 0.207374
1.769929 0.435157
1.882675 0.185994
1.809908 0.335558
1.871994 0.204384
1.727627 0.543706
1.727627 0.543706
1.882512 0.186264
1.882512 0.186264
1.925264 0.126934
1.810128 0.335033
1.810128 0.335033
1.810128 0.335033
1.766187 0.444763
1.766187 0.444763
1.721422 0.559326
1.630192 0.755599
1.915413 0.138531

1.766674 0.443511
1.762097 0.455287
1.78384 0.399738
1.78384 0.399738
1.78384 0.399738
1.697261 0.618276
1.577447 0.8255
1.747664 0.492483
1.793839 0.374703
1.637279 0.743448
1.691915 0.630806
1.720675 0.561194
1.566788 0.835188
1.566788 0.835188
1.64216 0.734717
1.64216 0.734717
1.598691 0.801772
1.719765 0.563468
1.719765 0.563468
1.825703 0.298782
1.724675 0.551154
1.724675 0.551154
1.867884 0.211825
1.830472 0.288076
1.830472 0.288076
1.741828 0.507489
1.741828 0.507489
1.741828 0.507489
1.741828 0.507489
1.830749 0.287461
1.711004 0.585157
1.711004 0.585157
1.711004 0.585157
1.711169 0.584752
1.855314 0.23579
1.726144 0.547452
1.711426 0.584122
1.711467 0.584022
1.823945 0.302779
1.823945 0.302779
1.654679 0.711029
1.868789 0.210169
1.868789 0.210169
1.868789 0.210169
1.868789 0.210169
1.868789 0.210169
1.879896 0.190645
1.879896 0.190645
1.799645 0.360385
1.799645 0.360385
1.677722 0.662945
1.817522 0.317592
1.817522 0.317592
1.811481 0.331811
1.623728 0.766129
1.623728 0.766129
1.623728 0.766129
1.68041 0.656993
1.816324 0.320392
1.816324 0.320392
1.816324 0.320392
1.853099 0.240196
1.853099 0.240196
1.853099 0.240196
1.853099 0.240196
1.680505 0.65678
1.807916 0.340323
1.807916 0.340323
1.81339 0.327289
1.847347 0.251881
1.847347 0.251881
1.807739 0.340749
1.807739 0.340749
1.687189 0.641699
1.850719 0.244987
1.906471 0.150136
1.803233 0.351631
1.68698 0.642177
1.80177 0.355193
1.80177 0.355193
1.80177 0.355193
1.649484 0.72108
1.649484 0.72108
1.649484 0.72108
1.649484 0.72108
1.649484 0.72108
1.649484 0.72108
1.838549 0.270409
1.838549 0.270409
1.843645 0.259581
1.843645 0.259581
1.905046 0.15208
1.905046 0.15208
1.905046 0.15208
1.672543 0.67422
1.672543 0.67422
1.672543 0.67422
1.672543 0.67422
1.68526 0.646092
1.68367 0.649687

1.69599 0.621276
1.699569 0.612803
1.699569 0.612803
1.661321 0.697739
1.759091 0.463029
1.731196 0.534657
1.759593 0.461736
1.707855 0.592851
1.707855 0.592851
1.708495 0.591293
1.847159 0.252267
1.847159 0.252267
1.847159 0.252267
1.68633 0.643658
1.68633 0.643658
1.710801 0.585656
1.762059 0.455385
1.812787 0.328714
1.772225 0.429275
1.651323 0.717557
1.651323 0.717557
1.775557 0.420762
1.646138 0.727388
1.646138 0.727388
1.646138 0.727388
1.648807 0.722368
1.771074 0.432223
1.646785 0.72618
1.647089 0.725609
1.816329 0.32038
1.834579 0.279016
1.834579 0.279016
1.834579 0.279016
1.834579 0.279016
1.627582 0.759915
1.667064 0.685864
1.667064 0.685864
1.851706 0.242992
1.851706 0.242992
1.738269 0.516612
1.765531 0.44645
1.66776 0.684402
1.808789 0.33823
1.808789 0.33823
1.808789 0.33823
1.860588 0.225517
1.76717 0.442237
1.76717 0.442237
1.76717 0.442237
1.76717 0.442237
1.858544 0.229462
1.857368 0.231752
1.857458 0.231576
1.857458 0.231576
1.864341 0.218398
1.623279 0.76684
1.830503 0.288008
1.863278 0.220398
1.792385 0.378316
1.829244 0.290815
1.794662 0.372662
1.724959 0.55044
1.724959 0.55044
1.724959 0.55044
1.724959 0.55044
1.73933 0.513896
1.73933 0.513896
1.791426 0.380704
1.791426 0.380704
1.778779 0.412558
1.796674 0.367689
1.796674 0.367689
1.796674 0.367689
1.799261 0.361328
1.799261 0.361328
1.623927 0.765813
1.623927 0.765813
1.623927 0.765813
1.623927 0.765813
1.623927 0.765813
1.623927 0.765813
1.623927 0.765813
1.898244 0.16172
1.747601 0.492645
1.74018 0.511715
1.898355 0.161558
1.899064 0.160527
1.804182 0.34933
1.804182 0.34933
1.804182 0.34933
1.804182 0.34933
1.804182 0.34933
1.906362 0.150283
1.671568 0.676314
1.671568 0.676314
1.827205 0.29539
1.721929 0.558055
1.672098 0.675178
1.892112 0.170916
1.892112 0.170916

1.623786 0.766038
1.735846 0.522808
1.735846 0.522808
1.78994 0.384412
1.673481 0.672197
1.673481 0.672197
1.673481 0.672197
1.78905 0.386638
1.78905 0.386638
1.677073 0.664371
1.677073 0.664371
1.766549 0.443833
1.766549 0.443833
1.766549 0.443833
1.766549 0.443833
1.684972 0.646743
1.684972 0.646743
1.690394 0.634332
1.691106 0.632685
1.693842 0.626314
1.728726 0.540924
1.728726 0.540924
1.755664 0.471864
1.859439 0.227729
1.779448 0.410857
1.72675 0.54592
1.72675 0.54592
1.778896 0.41226
1.851487 0.243435
1.851248 0.243916
1.777984 0.41458
1.777984 0.41458
1.851079 0.244258
1.831056 0.286778
1.754801 0.47409
1.776877 0.417396
1.776395 0.418626
1.776395 0.418626
1.849519 0.247428
1.743986 0.501946
1.848891 0.248708
1.72368 0.553658
1.72368 0.553658
1.86196 0.222896
1.719359 0.564482
1.719359 0.564482
1.63294 0.750961
1.63294 0.750961
1.698086 0.616325
1.698086 0.616325
1.698086 0.616325
1.828625 0.2922
1.828625 0.2922
1.799844 0.359898
1.799844 0.359898
1.799844 0.359898
1.633526 0.74996
1.835549 0.276899
1.893501 0.168791
1.903073 0.154816
1.811182 0.332522
1.811182 0.332522
1.84368 0.259508
1.892926 0.169668
1.892926 0.169668
1.827048 0.295745
1.716326 0.572028
1.716326 0.572028
1.716326 0.572028
1.904883 0.152304
1.801047 0.356957
1.905208 0.151857
1.905208 0.151857
1.700751 0.609983
1.892182 0.170808
1.745637 0.4977
1.90634 0.150313
1.910522 0.144751
1.82092 0.309714
1.82092 0.309714
1.713722 0.578471
1.910273 0.145076
1.910273 0.145076
1.636277 0.745203
1.636277 0.745203
1.641744 0.735471
1.821169 0.309142
1.821169 0.309142
1.641558 0.735809
1.641558 0.735809
1.641558 0.735809
1.917011 0.136565
1.865412 0.216396
1.924649 0.127623
1.924649 0.127623
1.924649 0.127623
1.924649 0.127623
1.924649 0.127623
1.712589 0.581264
1.88849 0.176572

1.614993 0.779501
1.614993 0.779501
1.614993 0.779501
1.719517 0.564088
1.658344 0.703756
1.720457 0.561739
1.66455 0.691105
1.86657 0.214245
1.870464 0.20713
1.870464 0.20713
1.866275 0.214792
1.866275 0.214792
1.866275 0.214792
1.878479 0.193054
1.81877 0.31469
1.81877 0.31469
1.762879 0.453272
1.762879 0.453272
1.761225 0.457531
1.852543 0.241309
1.760023 0.460628
1.624843 0.764351
1.624843 0.764351
1.812341 0.329772
1.666832 0.686351
1.78423 0.398754
1.789403 0.385755
1.65091 0.718352
1.65091 0.718352
1.810566 0.333988
1.650577 0.718992
1.755325 0.472738
1.755019 0.473527
1.810169 0.334935
1.838408 0.270712
1.838408 0.270712
1.650001 0.720094
1.838279 0.270989
1.838279 0.270989
1.809376 0.336828
1.649478 0.721091
1.807844 0.340495
1.8501 0.246244
1.8501 0.246244
1.806069 0.344768
1.806069 0.344768
1.800076 0.359331
1.848991 0.248504
1.848991 0.248504
1.752704 0.479497
1.669828 0.680028
1.669828 0.680028
1.847137 0.252312
1.847137 0.252312
1.79164 0.380171
1.643794 0.731729
1.782206 0.403867
1.72513 0.550009
1.725428 0.549258
1.751397 0.482865
1.751397 0.482865
1.688227 0.639321
1.792521 0.377977
1.792521 0.377977
1.792521 0.377977
1.770193 0.43448
1.749714 0.487203
1.687823 0.640248
1.687823 0.640248
1.781228 0.406342
1.770373 0.434018
1.798146 0.364064
1.798146 0.364064
1.798146 0.364064
1.736196 0.521914
1.797417 0.36586
1.797417 0.36586
1.736382 0.521439
1.632218 0.752189
1.632218 0.752189
1.632218 0.752189
1.632218 0.752189
1.7336 0.528537
1.897841 0.16231
1.897841 0.16231
1.897841 0.16231
1.897841 0.16231
1.685834 0.644787
1.685834 0.644787
1.676976 0.664584
1.676976 0.664584
1.676976 0.664584
1.747083 0.493978
1.747083 0.493978
1.683095 0.650983
1.683272 0.650584
1.683272 0.650584
1.683272 0.650584
1.683272 0.650584
1.674939 0.669036

1.677284 0.663908
1.828724 0.291978
1.828724 0.291978
1.827197 0.295409
1.709241 0.589472
1.752983 0.478776
1.754076 0.475959
1.589281 0.813018
1.698295 0.615828
1.884873 0.182383
1.884873 0.182383
1.838769 0.269936
1.76064 0.459039
1.763792 0.450921
1.69542 0.622616
1.69542 0.622616
1.69542 0.622616
1.691771 0.631142
1.691771 0.631142
1.691771 0.631142
1.691771 0.631142
1.761504 0.456813
1.761504 0.456813
1.761504 0.456813
1.669254 0.681248
1.669254 0.681248
1.669254 0.681248
1.669254 0.681248
1.616758 0.776881
1.725847 0.548201
1.594212 0.807272
1.662257 0.695828
1.659152 0.702132
1.660671 0.699062
1.812522 0.329343
1.804868 0.347669
1.81371 0.326534
1.81371 0.326534
1.816401 0.320211
1.816401 0.320211
1.816401 0.320211
1.816401 0.320211
1.804088 0.349556
1.771654 0.430737
1.656792 0.706853
1.656792 0.706853
1.802089 0.354415
1.598738 0.801712
1.598738 0.801712
1.723338 0.554518
1.653215 0.713892
1.599631 0.800583
1.781186 0.406448
1.772871 0.427621
1.772871 0.427621
1.722777 0.555925
1.722777 0.555925
1.800502 0.358289
1.800502 0.358289
1.800502 0.358289
1.800502 0.358289
1.864849 0.217447
1.787615 0.390235
1.787615 0.390235
1.795462 0.370684
1.844887 0.256982
1.844887 0.256982
1.844887 0.256982
1.773509 0.425992
1.845012 0.256722
1.743483 0.503239
1.743483 0.503239
1.743483 0.503239
1.743483 0.503239
1.79458 0.372866
1.634015 0.749122
1.788411 0.38824
1.867129 0.213213
1.775628 0.420581
1.775628 0.420581
1.860477 0.225731
1.860477 0.225731
1.860477 0.225731
1.860477 0.225731
1.793896 0.374561
1.855067 0.236279
1.855067 0.236279
1.736577 0.520941
1.736577 0.520941
1.875127 0.198847
1.848983 0.248521
1.848983 0.248521
1.848983 0.248521
1.851372 0.243667
1.851384 0.243642
1.789355 0.385874
1.789355 0.385874
1.647673 0.724512
1.852323 0.24175
1.852323 0.24175

1.768624 0.438504
1.930035 0.121764
1.758635 0.464205
1.758635 0.464205
1.757947 0.465978
1.757947 0.465978
1.927444 0.124536
1.927444 0.124536
1.927444 0.124536
1.68958 0.63621
1.782221 0.403829
1.782221 0.403829
1.782221 0.403829
1.782221 0.403829
1.913932 0.140382
1.687918 0.640031
1.91028 0.145067
1.792997 0.376793
1.788301 0.388516
1.788301 0.388516
1.694643 0.624439
1.794691 0.37259
1.849908 0.246634
1.849908 0.246634
1.658383 0.703678
1.696579 0.619888
1.658584 0.703275
1.81425 0.325261
1.743791 0.502446
1.743791 0.502446
1.813142 0.327874
1.813142 0.327874
1.902374 0.155797
1.855742 0.234945
1.729429 0.539141
1.667772 0.684376
1.842542 0.261903
1.842542 0.261903
1.724989 0.550363
1.724989 0.550363
1.724989 0.550363
1.724989 0.550363
1.724989 0.550363
1.726333 0.546975
1.735724 0.523119
1.735724 0.523119
1.735724 0.523119
1.735724 0.523119
1.7424 0.50602
1.7424 0.50602
1.841132 0.264888
1.841132 0.264888
1.900284 0.158766
1.900284 0.158766
1.661973 0.696409
1.819486 0.313027
1.819486 0.313027
1.819486 0.313027
1.819486 0.313027
1.740757 0.510237
1.740757 0.510237
1.626093 0.762339
1.626093 0.762339
1.626093 0.762339
1.626093 0.762339
1.671905 0.675593
1.671905 0.675593
1.663019 0.694263
1.663019 0.694263
1.663019 0.694263
1.663019 0.694263
1.824142 0.30233
1.837157 0.273411
1.623497 0.766495
1.878219 0.193498
1.878219 0.193498
1.858798 0.228969
1.835831 0.276286
1.878944 0.192261
1.701179 0.608961
1.85975 0.227128
1.85975 0.227128
1.801066 0.356909
1.8955 0.165776
1.895284 0.1661
1.880736 0.189229
1.880736 0.189229
1.883034 0.185399
1.883034 0.185399
1.826624 0.296701
1.882607 0.186106
1.882607 0.186106
1.679937 0.658045
1.801657 0.355469
1.801657 0.355469
1.713988 0.577815
1.713988 0.577815
1.713988 0.577815
1.713988 0.577815
1.713988 0.577815

1.706318 0.635789
1.87675 0.22842
1.87675 0.22842
1.742284 0.547477
1.865291 0.250545
1.644259 0.762978
1.644259 0.762978
1.644259 0.762978
1.644259 0.762978
1.644259 0.762978
1.79287 0.417757
1.79287 0.417757
1.794958 0.412475
1.795161 0.411963
1.795324 0.41155
1.732188 0.572931
1.732188 0.572931
1.70078 0.648657
1.700757 0.648709
1.801814 0.395248
1.786144 0.434867
1.770847 0.474147
1.882518 0.21785
1.88322 0.216589
1.883677 0.215773
1.728454 0.582238
1.728454 0.582238
1.728454 0.582238
1.728454 0.582238
1.728454 0.582238
1.728454 0.582238
1.825298 0.338087
1.825298 0.338087
1.825298 0.338087
1.759737 0.502784
1.759737 0.502784
1.823648 0.341989
1.859517 0.262237
1.859517 0.262237
1.775125 0.463127
1.775125 0.463127
1.775125 0.463127
1.775125 0.463127
1.822572 0.344546
1.783031 0.442826
1.746782 0.536022
1.746782 0.536022
1.821274 0.347638
1.678793 0.697124
1.858419 0.2645
1.858419 0.2645
1.858419 0.2645
1.850154 0.281927
1.853796 0.274165
1.856029 0.269468
1.850768 0.280609
1.850768 0.280609
1.850768 0.280609
1.850768 0.280609
1.782446 0.444326
1.782446 0.444326
1.842115 0.299508
1.842115 0.299508
1.842115 0.299508
1.891904 0.201495
1.891904 0.201495
1.891904 0.201495
1.891904 0.201495
1.891841 0.201602
1.891841 0.201602
1.891841 0.201602
1.806235 0.384251
1.806235 0.384251
1.806235 0.384251
1.806235 0.384251
1.806235 0.384251
1.810198 0.374475
1.843431 0.296589
1.843431 0.296589
1.695736 0.660161
1.695736 0.660161
1.809559 0.376046
1.810688 0.373272
1.844482 0.294269
1.84429 0.294692
1.780777 0.448605
1.748465 0.531724
1.779792 0.45113
1.779792 0.45113
1.779792 0.45113
1.779792 0.45113
1.766513 0.48532
1.766513 0.48532
1.69401 0.664049
1.69401 0.664049
1.835217 0.315053
1.835217 0.315053
1.835217 0.315053
1.835217 0.315053
1.832214 0.321945

1.616206 0.813302
1.619237 0.809323
1.619237 0.809323
1.620227 0.807997
1.83634 0.323369
1.83634 0.323369
1.936724 0.14571
1.82877 0.341006
1.842674 0.308961
1.843819 0.306394
1.843819 0.306394
1.791045 0.434109
1.65133 0.759794
1.808407 0.390374
1.851888 0.288628
1.851888 0.288628
1.932198 0.151083
1.932198 0.151083
1.932198 0.151083
1.932198 0.151083
1.721466 0.610834
1.721466 0.610834
1.921477 0.164857
1.807036 0.393782
1.807036 0.393782
1.729086 0.592175
1.729086 0.592175
1.729086 0.592175
1.919467 0.167604
1.756945 0.521778
1.688924 0.685876
1.855269 0.281367
1.916353 0.171962
1.68713 0.689748
1.68713 0.689748
1.687124 0.68976
1.804813 0.399329
1.772908 0.480668
1.775583 0.473774
1.77613 0.472365
1.912178 0.177999
1.711761 0.634072
1.711761 0.634072
1.711761 0.634072
1.771339 0.484714
1.74419 0.554341
1.88121 0.229585
1.88121 0.229585
1.88121 0.229585
1.88121 0.229585
1.715281 0.625718
1.715281 0.625718
1.715281 0.625718
1.715281 0.625718
1.77047 0.486954
1.783133 0.454354
1.77005 0.488035
1.670014 0.72503
1.703353 0.653655
1.703353 0.653655
1.703353 0.653655
1.909235 0.18239
1.877973 0.235643
1.905236 0.188531
1.779304 0.464194
1.782621 0.455668
1.782621 0.455668
1.908271 0.183851
1.908271 0.183851
1.908271 0.183851
1.780535 0.461029
1.782213 0.456717
1.782213 0.456717
1.671476 0.722138
1.818442 0.36573
1.818442 0.36573
1.818442 0.36573
1.819095 0.364147
1.819095 0.364147
1.819095 0.364147
1.819095 0.364147
1.819095 0.364147
1.663043 0.738482
1.767009 0.495877
1.767009 0.495877
1.662854 0.738838
1.662854 0.738838
1.859433 0.272577
1.661562 0.741268
1.763124 0.505889
1.672597 0.719906
1.672597 0.719906
1.89813 0.199938
1.89813 0.199938
1.89813 0.199938
1.89813 0.199938
1.763312 0.505403
1.65803 0.747804
1.65803 0.747804
1.65803 0.747804

1.954412 0.099757
1.954412 0.099757
1.952329 0.101356
1.952329 0.101356
1.646729 0.726284
1.945562 0.106909
1.941475 0.11053
1.854964 0.236483
1.858154 0.23022
1.858154 0.23022
1.748402 0.490582
1.802136 0.3543
1.801329 0.356268
1.844197 0.258425
1.844197 0.258425
1.771415 0.431348
1.803629 0.350671
1.803629 0.350671
1.772888 0.427579
1.775592 0.420673
1.84244 0.262118
1.84244 0.262118
1.79711 0.366615
1.741424 0.508525
1.741424 0.508525
1.751097 0.48364
1.751097 0.48364
1.762887 0.453252
1.752271 0.480613
1.762821 0.453422
1.762821 0.453422
1.837431 0.272818
1.760704 0.458874
1.756383 0.470011
1.865027 0.217113
1.865027 0.217113
1.757623 0.466814
1.686655 0.642917
1.686655 0.642917
1.779289 0.411263
1.779289 0.411263
1.779289 0.411263
1.783544 0.400483
1.787852 0.389641
1.789391 0.385786
1.789391 0.385786
1.789391 0.385786
1.789391 0.385786
1.813391 0.327287
1.814199 0.325382
1.611475 0.784605
1.815442 0.322459
1.815704 0.321842
1.815704 0.321842
1.871119 0.205951
1.871119 0.205951
1.709293 0.589345
1.721019 0.560333
1.721019 0.560333
1.666743 0.686538
1.829394 0.290479
1.829394 0.290479
1.829394 0.290479
1.829394 0.290479
1.721451 0.559251
1.821456 0.30848
1.821456 0.30848
1.87294 0.202699
1.820849 0.309879
1.820926 0.3097
1.887774 0.177709
1.892093 0.170945
1.892093 0.170945
1.824289 0.301996
1.887361 0.178367
1.708549 0.59116
1.708549 0.59116
1.708549 0.59116
1.708549 0.59116
1.886912 0.179087
1.901568 0.156935
1.901396 0.157179
1.896171 0.164775
1.896171 0.164775
1.896171 0.164775
1.82708 0.295671
1.82708 0.295671
1.900332 0.158699
1.681376 0.654837
1.681225 0.655176
1.906648 0.149896
1.906648 0.149896
1.906648 0.149896
1.735085 0.524751
1.614851 0.779711
1.729371 0.539288
1.695999 0.621253
1.695999 0.621253
1.695999 0.621253
1.695999 0.621253

1.620682 0.770906
1.620682 0.770906
1.798153 0.364047
1.798153 0.364047
1.685302 0.645995
1.685302 0.645995
1.674147 0.670755
1.674147 0.670755
1.674147 0.670755
1.665948 0.688199
1.647099 0.725591
1.647099 0.725591
1.648499 0.722952
1.662131 0.696086
1.9268 0.125239
1.656526 0.707383
1.652526 0.715232
1.652526 0.715232
1.653557 0.713226
1.812975 0.328271
1.812975 0.328271
1.857469 0.231555
1.92294 0.129559
1.756915 0.468639
1.756915 0.468639
1.756915 0.468639
1.7571 0.468163
1.921176 0.131596
1.921176 0.131596
1.921176 0.131596
1.921176 0.131596
1.759008 0.463243
1.759008 0.463243
1.732627 0.531018
1.863823 0.219371
1.906643 0.149902
1.906643 0.149902
1.906643 0.149902
1.906643 0.149902
1.841398 0.264323
1.739179 0.514281
1.739179 0.514281
1.739179 0.514281
1.739179 0.514281
1.715286 0.574605
1.715286 0.574605
1.903565 0.154128
1.902722 0.155307
1.875358 0.198444
1.876675 0.196154
1.823735 0.303259
1.767395 0.441659
1.823616 0.303529
1.823616 0.303529
1.766841 0.443083
1.766841 0.443083
1.766841 0.443083
1.766841 0.443083
1.766841 0.443083
1.866148 0.215027
1.817089 0.318602
1.817089 0.318602
1.817089 0.318602
1.893677 0.168524
1.893677 0.168524
1.822424 0.306256
1.706154 0.596984
1.867131 0.21321
1.870084 0.207818
1.870084 0.207818
1.717415 0.569325
1.892888 0.169725
1.892837 0.169803
1.867901 0.211795
1.867901 0.211795
1.867901 0.211795
1.78391 0.399561
1.78391 0.399561
1.78391 0.399561
1.78391 0.399561
1.78391 0.399561
1.78391 0.399561
1.772475 0.428634
1.772475 0.428634
1.71787 0.568192
1.878794 0.192516
1.878794 0.192516
1.820205 0.311364
1.820335 0.311064
1.820315 0.31111
1.746258 0.496102
1.720719 0.561083
1.720719 0.561083
1.705355 0.598916
1.705355 0.598916
1.890399 0.17357
1.89032 0.173693
1.719451 0.564253
1.719192 0.564899
1.719192 0.564899

1.562226 0.838896
1.562226 0.838896
1.570351 0.832111
1.582966 0.819907
1.620263 0.771554
1.620263 0.771554
1.626487 0.761699
1.626487 0.761699
1.796061 0.369202
1.796061 0.369202
1.681468 0.654632
1.638873 0.740627
1.638873 0.740627
1.790478 0.38307
1.683616 0.649808
1.683616 0.649808
1.683616 0.649808
1.8044 0.348802
1.806584 0.343527
1.773166 0.426867
1.761029 0.458036
1.687555 0.640862
1.687555 0.640862
1.662402 0.69553
1.760075 0.460494
1.760075 0.460494
1.644948 0.7296
1.786626 0.392718
1.828594 0.292269
1.828408 0.292686
1.695019 0.623557
1.858319 0.2299
1.810368 0.33446
1.810368 0.33446
1.810368 0.33446
1.810874 0.333254
1.859024 0.228531
1.696908 0.619109
1.708711 0.590766
1.708711 0.590766
1.708711 0.590766
1.816345 0.320341
1.899959 0.159234
1.860108 0.22644
1.649138 0.721738
1.738746 0.515391
1.754444 0.475009
1.70697 0.595003
1.926588 0.125471
1.650167 0.719777
1.650167 0.719777
1.75473 0.474273
1.75473 0.474273
1.75473 0.474273
1.75473 0.474273
1.846492 0.253646
1.820933 0.309684
1.820933 0.309684
1.820933 0.309684
1.820933 0.309684
1.820933 0.309684
1.820933 0.309684
1.89481 0.166812
1.882845 0.185712
1.777437 0.415971
1.846036 0.254591
1.846036 0.254591
1.846036 0.254591
1.846036 0.254591
1.924529 0.127757
1.747808 0.492113
1.747808 0.492113
1.747808 0.492113
1.862955 0.221008
1.834415 0.279376
1.841888 0.263285
1.841888 0.263285
1.870283 0.207457
1.914104 0.140165
1.915311 0.138658
1.893351 0.169019
1.893351 0.169019
1.916366 0.137355
1.922134 0.130485
1.922134 0.130485
1.724098 0.552608
1.941437 0.110564
1.656896 0.706646
1.839927 0.267455
1.919666 0.133372
1.919666 0.133372
1.919666 0.133372
1.717426 0.569297
1.655898 0.708626
1.656068 0.70829
1.656068 0.70829
1.656068 0.70829
1.656068 0.70829
1.656068 0.70829
1.745239 0.498725

1.621625 0.769439
1.621625 0.769439
1.621625 0.769439
1.779204 0.411477
1.644169 0.731039
1.744042 0.501802
1.927202 0.1248
1.927202 0.1248
1.927202 0.1248
1.741082 0.509404
1.78421 0.398802
1.740464 0.510989
1.738455 0.516136
1.737298 0.519098
1.713738 0.578433
1.724171 0.552423
1.724171 0.552423
1.724171 0.552423
1.724171 0.552423
1.727716 0.54348
1.787121 0.391476
1.70538 0.598856
1.732774 0.530643
1.705734 0.598
1.705857 0.597703
1.732052 0.53248
1.707257 0.594307
1.70971 0.588326
1.70971 0.588326
1.70971 0.588326
1.651408 0.717394
1.692443 0.62958
1.756915 0.46864
1.790265 0.383601
1.911008 0.14412
1.851491 0.243427
1.851491 0.243427
1.758003 0.465834
1.758003 0.465834
1.67961 0.658772
1.909892 0.145574
1.909892 0.145574
1.791765 0.379859
1.791765 0.379859
1.76791 0.440337
1.76791 0.440337
1.665266 0.689618
1.664459 0.691294
1.802382 0.3537
1.834226 0.27979
1.676437 0.665767
1.676437 0.665767
1.834732 0.278682
1.662994 0.694316
1.906994 0.149428
1.681809 0.653869
1.68958 0.636212
1.801594 0.355622
1.801594 0.355622
1.906085 0.150659
1.905651 0.151251
1.848925 0.24864
1.828772 0.29187
1.828772 0.29187
1.828772 0.29187
1.822184 0.306807
1.822184 0.306807
1.828395 0.292715
1.828205 0.29314
1.828205 0.29314
1.822112 0.306972
1.822112 0.306972
1.822112 0.306972
1.761049 0.457985
1.761049 0.457985
1.842611 0.261759
1.87635 0.196718
1.87635 0.196718
1.819656 0.312636
1.901235 0.157408
1.812983 0.328252
1.795181 0.371378
1.844646 0.257487
1.881818 0.187419
1.836252 0.275372
1.800064 0.35936
1.88128 0.188317
1.88128 0.188317
1.683262 0.650606
1.683262 0.650606
1.683262 0.650606
1.762924 0.453157
1.887148 0.178709
1.887148 0.178709
1.668628 0.682572
1.878618 0.192816
1.878618 0.192816
1.878662 0.192741
1.878878 0.192372
1.763313 0.452154

1.717488 0.569141
1.708956 0.590168
1.708956 0.590168
1.708956 0.590168
1.679502 0.65901
1.663136 0.694024
1.663136 0.694024
1.661388 0.697602
1.749468 0.487836
1.751984 0.481353
1.751984 0.481353
1.747064 0.494028
1.730028 0.537621
1.730028 0.537621
1.650016 0.720065
1.650016 0.720065
1.650016 0.720065
1.799904 0.359751
1.803195 0.351723
1.790391 0.383286
1.791746 0.379906
1.886651 0.179506
1.653342 0.713646
1.653342 0.713646
1.653342 0.713646
1.653342 0.713646
1.909347 0.146292
1.887965 0.177404
1.755769 0.471594
1.892678 0.170047
1.892678 0.170047
1.819753 0.31241
1.601335 0.798398
1.601335 0.798398
1.601335 0.798398
1.601335 0.798398
1.83172 0.285308
1.795677 0.370152
1.795409 0.370814
1.795409 0.370814
1.795302 0.37108
1.795302 0.37108
1.849647 0.247165
1.768531 0.438742
1.732748 0.530708
1.850065 0.246314
1.90759 0.148628
1.90759 0.148628
1.90759 0.148628
1.90759 0.148628
1.814738 0.324113
1.814738 0.324113
1.850265 0.245908
1.846263 0.254121
1.733434 0.52896
1.733434 0.52896
1.68606 0.644273
1.68606 0.644273
1.879444 0.191411
1.879444 0.191411
1.879444 0.191411
1.879444 0.191411
1.813903 0.326079
1.693935 0.626097
1.758238 0.465229
1.758238 0.465229
1.860148 0.226362
1.860148 0.226362
1.89849 0.161361
1.89849 0.161361
1.89849 0.161361
1.89849 0.161361
1.608723 0.788485
1.766842 0.44308
1.875245 0.198641
1.782786 0.4024
1.782786 0.4024
1.782786 0.4024
1.782786 0.4024
1.782786 0.4024
1.782463 0.403216
1.693012 0.628253
1.693012 0.628253
1.693012 0.628253
1.771622 0.430819
1.771622 0.430819
1.823409 0.304002
1.823409 0.304002
1.760059 0.460534
1.688049 0.639729
1.688049 0.639729
1.688049 0.639729
1.827571 0.294566
1.691298 0.63224
1.690773 0.633455
1.740502 0.51089
1.740502 0.51089
1.83685 0.274074
1.83685 0.274074
1.737669 0.518148

1.572725 0.829972
1.798967 0.362048
1.798967 0.362048
1.798967 0.362048
1.810367 0.334463
1.842785 0.26139
1.842785 0.26139
1.812428 0.329566
1.81498 0.323544
1.81498 0.323544
1.793448 0.375674
1.710184 0.587167
1.834279 0.279673
1.832579 0.283408
1.822922 0.305116
1.8266 0.296755
1.829587 0.290048
1.829587 0.290048
1.701699 0.607717
1.751706 0.482069
1.751706 0.482069
1.68669 0.642837
1.852844 0.240706
1.700136 0.611452
1.700136 0.611452
1.645472 0.728629
1.746196 0.496261
1.744884 0.499636
1.744884 0.499636
1.942967 0.109184
1.629001 0.757578
1.773559 0.425863
1.690514 0.634055
1.667316 0.685335
1.757435 0.467297
1.88249 0.186301
1.88249 0.186301
1.676847 0.664868
1.741197 0.509108
1.857844 0.230824
1.857844 0.230824
1.648918 0.722156
1.740827 0.510056
1.890658 0.173167
1.890658 0.173167
1.692064 0.630461
1.692064 0.630461
1.692064 0.630461
1.692064 0.630461
1.692064 0.630461
1.905979 0.150804
1.649146 0.721724
1.718376 0.566932
1.918322 0.134977
1.918322 0.134977
1.869186 0.209446
1.771319 0.431595
1.771319 0.431595
1.771319 0.431595
1.771319 0.431595
1.737857 0.517668
1.738198 0.516794
1.738198 0.516794
1.718826 0.56581
1.718826 0.56581
1.907839 0.148294
1.769519 0.436207
1.894794 0.166835
1.894794 0.166835
1.894794 0.166835
1.759086 0.463044
1.894422 0.167395
1.894422 0.167395
1.939279 0.11256
1.915492 0.138434
1.870413 0.207223
1.785003 0.396805
1.908843 0.146957
1.908843 0.146957
1.865345 0.21652
1.719432 0.564299
1.860516 0.225656
1.860516 0.225656
1.873188 0.202259
1.726796 0.545804
1.726796 0.545804
1.861362 0.224036
1.910174 0.145205
1.910174 0.145205
1.864413 0.218263
1.864413 0.218263
1.728002 0.542755
1.728002 0.542755
1.720537 0.561538
1.723191 0.554888
1.597525 0.803228
1.722742 0.556013
1.722742 0.556013
1.92393 0.128433
1.730938 0.535311

1.830207 0.288666
1.829241 0.290822
1.706431 0.596312
1.909969 0.145473
1.636792 0.744302
1.636792 0.744302
1.636792 0.744302
1.636792 0.744302
1.795188 0.371361
1.79196 0.379373
1.79196 0.379373
1.790237 0.38367
1.918164 0.135168
1.918164 0.135168
1.918164 0.135168
1.867752 0.212068
1.869664 0.208577
1.941772 0.11026
1.870953 0.206249
1.962922 0.093743
1.962922 0.093743
1.962922 0.093743
1.962922 0.093743
1.798785 0.362496
1.799062 0.361816
1.949578 0.103547
1.93164 0.120089
1.93164 0.120089
1.931437 0.120299
1.931437 0.120299
1.802894 0.352456
1.711359 0.584285
1.785028 0.396742
1.95666 0.098087
1.95666 0.098087
1.750846 0.484286
1.750652 0.484787
1.875197 0.198724
1.751508 0.48258
1.901713 0.15673
1.749537 0.487657
1.700637 0.610256
1.700637 0.610256
1.771257 0.431754
1.771257 0.431754
1.771257 0.431754
1.771257 0.431754
1.691971 0.630677
1.842254 0.262512
1.842254 0.262512
1.842254 0.262512
1.82205 0.307116
1.761556 0.456679
1.761556 0.456679
1.678958 0.660216
1.68716 0.641765
1.879909 0.190624
1.821499 0.308381
1.77384 0.425144
1.756367 0.470053
1.735753 0.523046
1.857752 0.231002
1.857752 0.231002
1.857752 0.231002
1.857551 0.231394
1.881314 0.188259
1.881314 0.188259
1.75995 0.460816
1.694732 0.624231
1.807213 0.342011
1.845094 0.25655
1.715246 0.574706
1.684244 0.648393
1.882947 0.185545
1.77788 0.414845
1.77788 0.414845
1.883274 0.185003
1.745061 0.499181
1.759248 0.462625
1.759248 0.462625
1.759242 0.46264
1.759242 0.46264
1.719336 0.56454
1.734014 0.527484
1.779968 0.409537
1.779968 0.409537
1.779968 0.409537
1.683879 0.649215
1.683879 0.649215
1.683879 0.649215
1.683879 0.649215
1.683879 0.649215
1.886407 0.179899
1.779819 0.409916
1.779819 0.409916
1.850787 0.244851
1.852409 0.241578
1.6128 0.782703
1.6128 0.782703
1.6128 0.782703

1.59903 0.801344
1.591154 0.810873
1.589335 0.812956
1.701556 0.608059
1.625137 0.763879
1.71405 0.57766
1.71405 0.57766
1.706564 0.595988
1.706564 0.595988
1.706564 0.595988
1.722186 0.557409
1.722712 0.556089
1.722712 0.556089
1.626652 0.761432
1.627083 0.760731
1.65235 0.715574
1.65235 0.715574
1.65235 0.715574
1.672695 0.673893
1.672695 0.673893
1.672695 0.673893
1.925925 0.126201
1.781724 0.405088
1.732285 0.531888
1.63143 0.753522
1.780603 0.407926
1.780603 0.407926
1.780603 0.407926
1.732835 0.530487
1.732835 0.530487
1.64889 0.72221
1.579603 0.823363
1.579603 0.823363
1.787532 0.390444
1.775016 0.422143
1.774178 0.424281
1.692695 0.628992
1.922773 0.12975
1.819713 0.312503
1.736334 0.521562
1.642849 0.73346
1.81903 0.314086
1.841938 0.26318
1.842387 0.26223
1.639388 0.73971
1.639388 0.73971
1.639731 0.739097
1.639731 0.739097
1.758222 0.46527
1.848282 0.249957
1.898115 0.161908
1.898115 0.161908
1.823971 0.302721
1.839809 0.267709
1.869972 0.208021
1.73893 0.514919
1.739641 0.513098
1.889491 0.174992
1.900443 0.158539
1.900812 0.158011
1.760366 0.459744
1.826055 0.297985
1.826055 0.297985
1.801525 0.355788
1.851547 0.243314
1.851602 0.243203
1.851602 0.243203
1.851602 0.243203
1.836783 0.274221
1.836783 0.274221
1.799837 0.359915
1.800012 0.359487
1.814731 0.324129
1.814731 0.324129
1.803041 0.352097
1.803041 0.352097
1.794144 0.373947
1.794144 0.373947
1.903721 0.153911
1.761219 0.457547
1.689532 0.636322
1.689532 0.636322
1.886031 0.180505
1.805086 0.34714
1.805086 0.34714
1.794825 0.372258
1.794825 0.372258
1.794825 0.372258
1.794825 0.372258
1.835065 0.277956
1.562477 0.838699
1.562477 0.838699
1.562477 0.838699
1.562477 0.838699
1.562477 0.838699
1.562477 0.838699
1.562477 0.838699
1.562477 0.838699
1.751517 0.482557
1.751517 0.482557

1.60112 0.798677
1.613512 0.78167
1.625442 0.763389
1.622318 0.768355
1.62253 0.768023
1.62253 0.768023
1.622758 0.767663
1.622758 0.767663
1.718428 0.566802
1.724542 0.55149
1.724385 0.551885
1.773708 0.425484
1.784955 0.396924
1.715605 0.573816
1.787031 0.391701
1.787031 0.391701
1.771024 0.432351
1.771024 0.432351
1.731348 0.534271
1.731855 0.532982
1.731855 0.532982
1.674495 0.670001
1.767684 0.440917
1.767684 0.440917
1.767684 0.440917
1.745893 0.497042
1.745893 0.497042
1.710945 0.585302
1.737253 0.519212
1.710133 0.58729
1.697691 0.617259
1.698204 0.616043
1.708801 0.590545
1.872497 0.203487
1.793677 0.375106
1.793677 0.375106
1.872726 0.20308
1.793985 0.374341
1.679715 0.658538
1.679715 0.658538
1.739821 0.512636
1.701964 0.607083
1.695519 0.622383
1.796293 0.368629
1.677431 0.663585
1.677431 0.663585
1.677431 0.663585
1.677431 0.663585
1.811433 0.331926
1.79878 0.362507
1.677728 0.662932
1.82937 0.290532
1.796923 0.367075
1.797279 0.366198
1.802535 0.353328
1.802535 0.353328
1.837746 0.272139
1.837746 0.272139
1.803546 0.350871
1.703491 0.603414
1.741582 0.50812
1.741783 0.507604
1.741783 0.507604
1.741783 0.507604
1.741746 0.5077
1.912311 0.14244
1.805809 0.345393
1.874879 0.199281
1.874879 0.199281
1.874879 0.199281
1.704724 0.600442
1.704724 0.600442
1.704724 0.600442
1.704724 0.600442
1.910277 0.14507
1.895316 0.166052
1.807342 0.341701
1.807342 0.341701
1.807342 0.341701
1.807342 0.341701
1.841611 0.263872
1.841611 0.263872
1.894891 0.166689
1.894891 0.166689
1.894891 0.166689
1.841973 0.263105
1.889233 0.175398
1.889233 0.175398
1.879504 0.191309
1.879504 0.191309
1.899553 0.159818
1.899553 0.159818
1.813878 0.326138
1.813878 0.326138
1.813878 0.326138
1.821074 0.30936
1.821074 0.30936
1.844506 0.257779
1.86187 0.223067
1.755405 0.472532

1.604105 0.794767
1.604105 0.794767
1.705795 0.597852
1.604737 0.793923
1.709252 0.589446
1.71101 0.585142
1.746128 0.496437
1.720695 0.561143
1.720695 0.561143
1.686063 0.644266
1.686063 0.644266
1.791116 0.381477
1.791116 0.381477
1.782322 0.403572
1.627006 0.760856
1.684408 0.648021
1.873644 0.201452
1.873644 0.201452
1.79383 0.374726
1.723912 0.553074
1.8801 0.190301
1.845521 0.255662
1.843556 0.259768
1.806249 0.344334
1.886517 0.179721
1.886517 0.179721
1.80502 0.347301
1.754202 0.475634
1.754202 0.475634
1.896914 0.163673
1.760365 0.459746
1.760365 0.459746
1.803466 0.351065
1.754494 0.474881
1.86615 0.215023
1.86615 0.215023
1.894918 0.166649
1.890483 0.173439
1.890483 0.173439
1.890483 0.173439
1.97619 0.085968
1.97619 0.085968
1.812232 0.330028
1.755422 0.472488
1.757632 0.46679
1.756537 0.469613
1.800762 0.357652
1.801007 0.357054
1.801007 0.357054
1.801007 0.357054
1.767368 0.441727
1.940913 0.111044
1.77764 0.415455
1.77764 0.415455
1.77764 0.415455
1.945242 0.107185
1.945242 0.107185
1.632812 0.751179
1.632812 0.751179
1.632812 0.751179
1.632812 0.751179
1.738265 0.516622
1.738265 0.516622
1.738265 0.516622
1.66884 0.682123
1.972409 0.087992
1.938719 0.113087
1.652982 0.714347
1.938128 0.113647
1.938128 0.113647
1.861783 0.223233
1.861783 0.223233
1.838232 0.27109
1.638933 0.74052
1.638933 0.74052
1.907645 0.148554
1.907645 0.148554
1.852479 0.241438
1.769651 0.43587
1.769651 0.43587
1.9568 0.097986
1.908476 0.147445
1.908562 0.147329
1.917533 0.135931
1.853294 0.239805
1.853294 0.239805
1.773658 0.425609
1.773537 0.425919
1.649824 0.720432
1.958918 0.096469
1.958918 0.096469
1.958918 0.096469
1.649736 0.7206
1.656478 0.707477
1.656478 0.707477
1.825888 0.298364
1.659554 0.701322
1.824105 0.302415
1.964963 0.092423
1.964963 0.092423

1.687853 0.640178
1.764858 0.448181
1.769676 0.435804
1.683517 0.650032
1.760286 0.45995
1.759556 0.461833
1.755578 0.472085
1.775618 0.420605
1.750797 0.484413
1.789906 0.384498
1.789906 0.384498
1.789906 0.384498
1.776904 0.417329
1.905878 0.150942
1.748786 0.489594
1.748786 0.489594
1.598271 0.802298
1.746247 0.496131
1.909222 0.146456
1.744541 0.500519
1.632983 0.750888
1.632983 0.750888
1.632983 0.750888
1.816186 0.320715
1.816186 0.320715
1.816186 0.320715
1.786825 0.392219
1.786825 0.392219
1.837977 0.271641
1.83274 0.283055
1.832707 0.283128
1.832707 0.283128
1.832707 0.283128
1.779988 0.409487
1.779988 0.409487
1.922514 0.130047
1.922514 0.130047
1.922514 0.130047
1.922514 0.130047
1.922247 0.130354
1.677135 0.664234
1.677135 0.664234
1.921355 0.131388
1.78318 0.401405
1.627693 0.759734
1.818071 0.316313
1.712149 0.582345
1.711839 0.583108
1.603818 0.795147
1.603818 0.795147
1.603818 0.795147
1.898452 0.161416
1.898452 0.161416
1.696823 0.619312
1.822593 0.305869
1.843968 0.258905
1.843968 0.258905
1.843968 0.258905
1.624432 0.765008
1.624432 0.765008
1.624432 0.765008
1.895652 0.165549
1.7157 0.573581
1.821137 0.309215
1.820942 0.309665
1.820942 0.309665
1.582326 0.820576
1.582326 0.820576
1.582326 0.820576
1.582326 0.820576
1.582326 0.820576
1.73708 0.519654
1.73708 0.519654
1.736951 0.519985
1.736008 0.522394
1.846646 0.253328
1.57488 0.827966
1.734107 0.527246
1.733956 0.52763
1.733956 0.52763
1.646493 0.726726
1.673299 0.672591
1.71729 0.569634
1.612931 0.782513
1.612978 0.782445
1.612978 0.782445
1.612978 0.782445
1.612978 0.782445
1.850038 0.24637
1.658048 0.704348
1.658862 0.702716
1.658862 0.702716
1.718534 0.566539
1.656229 0.707971
1.890158 0.173946
1.864372 0.21834
1.860084 0.226487
1.860084 0.226487
1.888623 0.176361
1.888623 0.176361

1.59906 0.801306
1.716553 0.571466
1.904889 0.152296
1.904889 0.152296
1.874789 0.199439
1.874789 0.199439
1.685981 0.644452
1.681952 0.653549
1.686859 0.642452
1.753712 0.476898
1.757564 0.466966
1.757564 0.466966
1.757564 0.466966
1.765131 0.447477
1.711331 0.584355
1.711331 0.584355
1.876652 0.196194
1.72351 0.554087
1.723527 0.554042
1.723527 0.554042
1.766942 0.442821
1.766942 0.442821
1.766942 0.442821
1.750899 0.48415
1.750178 0.486008
1.639098 0.740227
1.848636 0.249232
1.708297 0.591774
1.917819 0.135584
1.917819 0.135584
1.917819 0.135584
1.917819 0.135584
1.917819 0.135584
1.917819 0.135584
1.917819 0.135584
1.769718 0.435698
1.726984 0.545331
1.70744 0.59386
1.70744 0.59386
1.851705 0.242995
1.745742 0.49743
1.745742 0.49743
1.80309 0.351978
1.804832 0.347754
1.72768 0.54357
1.72768 0.54357
1.732874 0.530389
1.704442 0.601123
1.703595 0.603165
1.743923 0.502107
1.794271 0.373632
1.794271 0.373632
1.73403 0.527441
1.73403 0.527441
1.743009 0.504455
1.736073 0.52223
1.736073 0.52223
1.740837 0.510033
1.740081 0.511969
1.740081 0.511969
1.795428 0.370767
1.795428 0.370767
1.889161 0.175511
1.889161 0.175511
1.889161 0.175511
1.889161 0.175511
1.853707 0.238981
1.796384 0.368404
1.824667 0.301136
1.88499 0.182192
1.88499 0.182192
1.887055 0.178858
1.674156 0.670737
1.674156 0.670737
1.674156 0.670737
1.674156 0.670737
1.674156 0.670737
1.674156 0.670737
1.825672 0.298853
1.825672 0.298853
1.825672 0.298853
1.886423 0.179873
1.667629 0.684677
1.667629 0.684677
1.828126 0.293319
1.800368 0.358615
1.800368 0.358615
1.800368 0.358615
1.800368 0.358615
1.693141 0.627954
1.693141 0.627954
1.693141 0.627954
1.693141 0.627954
1.832582 0.283403
1.821388 0.308638
1.831338 0.286154
1.83172 0.285306
1.83172 0.285306
1.83172 0.285306
1.837142 0.273442

1.753741 0.518205
1.759238 0.504069
1.707327 0.633419
1.707327 0.633419
1.749023 0.530296
1.670024 0.715127
1.711788 0.622851
1.90536 0.17994
1.673025 0.709058
1.673025 0.709058
1.673025 0.709058
1.699807 0.650892
1.743309 0.544872
1.743309 0.544872
1.743309 0.544872
1.675342 0.704306
1.675342 0.704306
1.741174 0.550294
1.68371 0.686681
1.901441 0.185985
1.816454 0.359225
1.868891 0.243437
1.815983 0.360364
1.874004 0.233587
1.874059 0.233482
1.898804 0.19016
1.768472 0.480269
1.734067 0.568226
1.734067 0.568226
1.734067 0.568226
1.734067 0.568226
1.876059 0.229712
1.795845 0.410236
1.795845 0.410236
1.897118 0.192876
1.897118 0.192876
1.895475 0.195555
1.641356 0.767865
1.641356 0.767865
1.804397 0.388812
1.804397 0.388812
1.863953 0.253222
1.863913 0.253302
1.721751 0.598769
1.721751 0.598769
1.721751 0.598769
1.835824 0.31367
1.83797 0.3088
1.83797 0.3088
1.722414 0.597145
1.8627 0.255748
1.784372 0.439394
1.784299 0.439583
1.798481 0.403599
1.783939 0.440503
1.783939 0.440503
1.783939 0.440503
1.862137 0.256888
1.862137 0.256888
1.776607 0.459314
1.840682 0.302703
1.840682 0.302703
1.889222 0.20606
1.889222 0.20606
1.644585 0.762424
1.644585 0.762424
1.644585 0.762424
1.644585 0.762424
1.644585 0.762424
1.644585 0.762424
1.644585 0.762424
1.644585 0.762424
1.888973 0.206489
1.888973 0.206489
1.833775 0.318353
1.79963 0.400715
1.79963 0.400715
1.77454 0.464633
1.841983 0.2998
1.841983 0.2998
1.858141 0.265076
1.858141 0.265076
1.858141 0.265076
1.779072 0.45298
1.84277 0.298052
1.84277 0.298052
1.800783 0.397827
1.800783 0.397827
1.800783 0.397827
1.800783 0.397827
1.85779 0.265803
1.77983 0.451035
1.77983 0.451035
1.77983 0.451035
1.725145 0.590428
1.725145 0.590428
1.725145 0.590428
1.727973 0.583432
1.727973 0.583432
1.727973 0.583432

1.615463 0.778808
1.778074 0.41435
1.739247 0.514108
1.727384 0.544319
1.727384 0.544319
1.73987 0.51251
1.73987 0.51251
1.73987 0.51251
1.722289 0.55715
1.722289 0.55715
1.843864 0.259121
1.655213 0.70998
1.655213 0.70998
1.846831 0.252945
1.750636 0.484827
1.71898 0.565427
1.718478 0.566679
1.715334 0.574487
1.78951 0.385487
1.78951 0.385487
1.865869 0.215545
1.80005 0.359394
1.751447 0.482736
1.751447 0.482736
1.751447 0.482736
1.787899 0.389523
1.787899 0.389523
1.787899 0.389523
1.787899 0.389523
1.787899 0.389523
1.849339 0.247794
1.71321 0.579733
1.71321 0.579733
1.710817 0.585616
1.840452 0.266337
1.643697 0.731907
1.90192 0.156436
1.90192 0.156436
1.90192 0.156436
1.683842 0.6493
1.683842 0.6493
1.839528 0.268308
1.867074 0.213316
1.695758 0.621821
1.695884 0.621524
1.695884 0.621524
1.659485 0.70146
1.659485 0.70146
1.755223 0.473002
1.755223 0.473002
1.755223 0.473002
1.632141 0.75232
1.891756 0.171464
1.891756 0.171464
1.671346 0.67679
1.80214 0.35429
1.836616 0.274582
1.907024 0.149388
1.706001 0.597354
1.822467 0.306158
1.822467 0.306158
1.82313 0.30464
1.853921 0.238554
1.665966 0.688161
1.816581 0.31979
1.814005 0.325839
1.814005 0.325839
1.705587 0.598357
1.705587 0.598357
1.770439 0.433848
1.770439 0.433848
1.6724 0.674528
1.815274 0.322852
1.815274 0.322852
1.664181 0.691868
1.815707 0.321835
1.815707 0.321835
1.705007 0.599759
1.88962 0.174789
1.664924 0.69033
1.664924 0.69033
1.664924 0.69033
1.664924 0.69033
1.699351 0.613322
1.699351 0.613322
1.829897 0.289356
1.83497 0.278163
1.700441 0.610724
1.700441 0.610724
1.82529 0.29972
1.82529 0.29972
1.82529 0.29972
1.82529 0.29972
1.702792 0.605094
1.702792 0.605094
1.888832 0.17603
1.803752 0.350371
1.887948 0.177431
1.881887 0.187304
1.887243 0.178557

1.710461 0.586489
1.655191 0.710022
1.655191 0.710022
1.655191 0.710022
1.655191 0.710022
1.78677 0.392357
1.78677 0.392357
1.71896 0.565476
1.790476 0.383073
1.719746 0.563516
1.719746 0.563516
1.776137 0.419284
1.92391 0.128455
1.92391 0.128455
1.92391 0.128455
1.670733 0.6781
1.774107 0.424463
1.774033 0.424652
1.90611 0.150626
1.90611 0.150626
1.860028 0.226594
1.849829 0.246796
1.769681 0.435793
1.728076 0.542569
1.728076 0.542569
1.728076 0.542569
1.728076 0.542569
1.875983 0.197354
1.875983 0.197354
1.80984 0.335719
1.767404 0.441635
1.937238 0.1145
1.937238 0.1145
1.806666 0.343329
1.732605 0.531072
1.732605 0.531072
1.811041 0.332856
1.765684 0.446057
1.765684 0.446057
1.863693 0.219616
1.811869 0.330891
1.761725 0.456244
1.76474 0.448483
1.76474 0.448483
1.900706 0.158163
1.847058 0.252477
1.847058 0.252477
1.847058 0.252477
1.847058 0.252477
1.847058 0.252477
1.758849 0.463654
1.675956 0.666818
1.675956 0.666818
1.675956 0.666818
1.864676 0.21777
1.864676 0.21777
1.940751 0.111192
1.8993 0.160185
1.8993 0.160185
1.736825 0.520308
1.736825 0.520308
1.736825 0.520308
1.736825 0.520308
1.865705 0.215851
1.869799 0.208334
1.869799 0.208334
1.869799 0.208334
1.804772 0.347901
1.757762 0.466456
1.757762 0.466456
1.757762 0.466456
1.684523 0.647762
1.684523 0.647762
1.684523 0.647762
1.684523 0.647762
1.867914 0.211769
1.814702 0.324197
1.814702 0.324197
1.677996 0.66234
1.840044 0.267206
1.840044 0.267206
1.755778 0.471571
1.816289 0.320473
1.679544 0.658918
1.75531 0.472778
1.678934 0.660269
1.678934 0.660269
1.689692 0.635953
1.689692 0.635953
1.689692 0.635953
1.689692 0.635953
1.689692 0.635953
1.689692 0.635953
1.817486 0.317676
1.817486 0.317676
1.834026 0.280229
1.819314 0.313428
1.819314 0.313428
1.838924 0.269603
1.954877 0.099407

1.57927 0.862219
1.691146 0.699119
1.691146 0.699119
1.689276 0.70309
1.68061 0.721021
1.68061 0.721021
1.677904 0.726455
1.831318 0.354247
1.831318 0.354247
1.669436 0.74293
1.833316 0.349505
1.833316 0.349505
1.833316 0.349505
1.784302 0.471777
1.784302 0.471777
1.784302 0.471777
1.864963 0.278698
1.817746 0.387149
1.788169 0.461835
1.77725 0.489945
1.909604 0.196376
1.909604 0.196376
1.817177 0.388551
1.817177 0.388551
1.843375 0.326074
1.909116 0.197148
1.908648 0.19789
1.907869 0.199132
1.791503 0.453282
1.898699 0.214322
1.898699 0.214322
1.899115 0.213609
1.815143 0.39358
1.792657 0.450327
1.899843 0.212369
1.775672 0.494014
1.663113 0.754692
1.862755 0.283342
1.710951 0.655053
1.662152 0.756439
1.661152 0.758243
1.725285 0.621159
1.606309 0.837593
1.606309 0.837593
1.646265 0.783647
1.860944 0.287187
1.810497 0.405143
1.810254 0.40575
1.72394 0.6244
1.72394 0.6244
1.809818 0.406842
1.860535 0.288059
1.86031 0.28854
1.808666 0.409726
1.808666 0.409726
1.763056 0.526499
1.763729 0.52477
1.805152 0.418563
1.764821 0.521965
1.721508 0.63023
1.721508 0.63023
1.855619 0.298677
1.855619 0.298677
1.628157 0.810712
1.760993 0.531794
1.760993 0.531794
1.72925 0.611536
1.656566 0.766363
1.656566 0.766363
1.854167 0.301856
1.729534 0.610845
1.619776 0.821775
1.619776 0.821775
1.797338 0.438374
1.766213 0.518385
1.853754 0.302765
1.853739 0.302796
1.771759 0.504101
1.797857 0.437051
1.797857 0.437051
1.797857 0.437051
1.885595 0.237793
1.630248 0.807807
1.84868 0.314044
1.84868 0.314044
1.850591 0.309768
1.758797 0.537421
1.650345 0.776961
1.650345 0.776961
1.799186 0.433671
1.885287 0.238368
1.849108 0.313083
1.849108 0.313083
1.849108 0.313083
1.849108 0.313083
1.612614 0.830486
1.80246 0.425365
1.80246 0.425365
1.80246 0.425365
1.80246 0.425365

1.821031 0.30946
1.689625 0.636107
1.689625 0.636107
1.814541 0.324576
1.723964 0.552943
1.90884 0.146961
1.90884 0.146961
1.606177 0.791983
1.606177 0.791983
1.811246 0.332371
1.811246 0.332371
1.811246 0.332371
1.6258 0.762812
1.6258 0.762812
1.809793 0.335832
1.682349 0.652659
1.904979 0.152173
1.904979 0.152173
1.801819 0.355072
1.800614 0.358015
1.678127 0.662052
1.677775 0.662828
1.677775 0.662828
1.630654 0.754826
1.728056 0.542619
1.851378 0.243655
1.855662 0.235103
1.598571 0.801922
1.766548 0.443834
1.766724 0.443382
1.63268 0.751405
1.729207 0.539705
1.729207 0.539705
1.787012 0.391748
1.783266 0.401185
1.750608 0.484898
1.749716 0.487198
1.653068 0.714179
1.653068 0.714179
1.875926 0.197453
1.673956 0.67117
1.673956 0.67117
1.659232 0.701972
1.659232 0.701972
1.857385 0.231718
1.857385 0.231718
1.748635 0.489982
1.651062 0.718061
1.651062 0.718061
1.894801 0.166825
1.87364 0.201461
1.894651 0.16705
1.747769 0.492212
1.747769 0.492212
1.594609 0.806794
1.594609 0.806794
1.594609 0.806794
1.594609 0.806794
1.660996 0.6984
1.660996 0.6984
1.781335 0.406073
1.781335 0.406073
1.789532 0.385432
1.789532 0.385432
1.789532 0.385432
1.744212 0.501364
1.583438 0.81941
1.583438 0.81941
1.583438 0.81941
1.583438 0.81941
1.583438 0.81941
1.584598 0.818177
1.879664 0.191037
1.670754 0.678057
1.646815 0.726122
1.743388 0.503481
1.743388 0.503481
1.769406 0.436496
1.880466 0.189683
1.880466 0.189683
1.880466 0.189683
1.790931 0.381939
1.790931 0.381939
1.78002 0.409405
1.741853 0.507425
1.645872 0.727884
1.795388 0.370865
1.795388 0.370865
1.795388 0.370865
1.795388 0.370865
1.795388 0.370865
1.795388 0.370865
1.779051 0.411866
1.740365 0.511242
1.740365 0.511242
1.868732 0.210273
1.885324 0.181649
1.885324 0.181649
1.885512 0.181344
1.777632 0.415475

1.626817 0.761163
1.626817 0.761163
1.631878 0.752765
1.634343 0.748557
1.639084 0.740252
1.967463 0.090868
1.779962 0.409552
1.780347 0.408576
1.766759 0.443292
1.72245 0.556749
1.766268 0.444553
1.766268 0.444553
1.71639 0.57187
1.702185 0.606552
1.705308 0.59903
1.694925 0.623777
1.694542 0.624677
1.694542 0.624677
1.694542 0.624677
1.694542 0.624677
1.819425 0.313169
1.724872 0.550658
1.724872 0.550658
1.710321 0.586832
1.710321 0.586832
1.710321 0.586832
1.858629 0.229298
1.858629 0.229298
1.711229 0.584604
1.711229 0.584604
1.684704 0.647352
1.762483 0.454292
1.762483 0.454292
1.762483 0.454292
1.684483 0.647852
1.822694 0.305638
1.94594 0.106584
1.94594 0.106584
1.930381 0.121399
1.930381 0.121399
1.930381 0.121399
1.788093 0.389036
1.883029 0.185409
1.953756 0.100255
1.953756 0.100255
1.953756 0.100255
1.953756 0.100255
1.953756 0.100255
1.788374 0.388331
1.788374 0.388331
1.788374 0.388331
1.905389 0.15161
1.905389 0.15161
1.756549 0.469582
1.906766 0.149737
1.744356 0.500993
1.864932 0.217292
1.824013 0.302625
1.74173 0.50774
1.789933 0.384431
1.926327 0.125758
1.876827 0.195892
1.876827 0.195892
1.900995 0.15775
1.925393 0.126791
1.82649 0.297003
1.824868 0.300677
1.824868 0.300677
1.825343 0.299599
1.912928 0.141652
1.918774 0.134435
1.7302 0.537186
1.740262 0.511507
1.740262 0.511507
1.740262 0.511507
1.916008 0.137795
1.916008 0.137795
1.916008 0.137795
1.916008 0.137795
1.845536 0.25563
1.843947 0.258948
1.731151 0.534771
1.731151 0.534771
1.731151 0.534771
1.794174 0.373872
1.851854 0.242695
1.800872 0.357384
1.800872 0.357384
1.800872 0.357384
1.800872 0.357384
1.753616 0.477144
1.851659 0.243088
1.85159 0.243226
1.732777 0.530635
1.87226 0.203909
1.87226 0.203909
1.74871 0.489789
1.74871 0.489789
1.74871 0.489789
1.74871 0.489789

1.714429 0.608786
1.723923 0.585567
1.647715 0.750758
1.732314 0.564652
1.732314 0.564652
1.663716 0.720863
1.663716 0.720863
1.663716 0.720863
1.665307 0.71773
1.665307 0.71773
1.665307 0.71773
1.618989 0.796449
1.884847 0.207431
1.88483 0.207459
1.61868 0.796882
1.61868 0.796882
1.883579 0.209651
1.737597 0.551332
1.737597 0.551332
1.78784 0.422488
1.78784 0.422488
1.698835 0.645634
1.698835 0.645634
1.698835 0.645634
1.698835 0.645634
1.793562 0.407995
1.794983 0.404412
1.794983 0.404412
1.798195 0.396349
1.800741 0.389987
1.801158 0.388948
1.801158 0.388948
1.78384 0.43268
1.783373 0.433873
1.783373 0.433873
1.641062 0.762278
1.807959 0.372126
1.807959 0.372126
1.749882 0.520007
1.755485 0.505612
1.755485 0.505612
1.755415 0.505791
1.755415 0.505791
1.925105 0.147359
1.925105 0.147359
1.925105 0.147359
1.925105 0.147359
1.751186 0.516661
1.754712 0.507601
1.915212 0.16021
1.915212 0.16021
1.766822 0.476397
1.766822 0.476397
1.753124 0.511684
1.744206 0.534531
1.744206 0.534531
1.810351 0.366267
1.810351 0.366267
1.810351 0.366267
1.897697 0.186035
1.860115 0.254112
1.744936 0.532667
1.744936 0.532667
1.744936 0.532667
1.744936 0.532667
1.777169 0.449764
1.777169 0.449764
1.824884 0.331445
1.824884 0.331445
1.897781 0.185901
1.897781 0.185901
1.919051 0.155073
1.828636 0.322696
1.828636 0.322696
1.920096 0.153709
1.920059 0.153757
1.909994 0.167495
1.875195 0.224815
1.875195 0.224815
1.875195 0.224815
1.837175 0.303203
1.776325 0.451931
1.776325 0.451931
1.823684 0.334267
1.813944 0.357532
1.813944 0.357532
1.775589 0.453821
1.775589 0.453821
1.690605 0.664316
1.690605 0.664316
1.690551 0.664438
1.690551 0.664438
1.823122 0.33559
1.873826 0.227368
1.771449 0.464475
1.771449 0.464475
1.682665 0.681768
1.682665 0.681768
1.682665 0.681768
1.682665 0.681768

1.954316 0.099829
1.661981 0.696391
1.661981 0.696391
1.817183 0.318384
1.817183 0.318384
1.7614 0.45708
1.800697 0.357811
1.665478 0.689178
1.803855 0.350121
1.755893 0.471273
1.795692 0.370114
1.754819 0.474043
1.810424 0.334325
1.810424 0.334325
1.810424 0.334325
1.810424 0.334325
1.770004 0.434965
1.675122 0.668636
1.670266 0.679095
1.670266 0.679095
1.670266 0.679095
1.771355 0.431502
1.752184 0.480836
1.772212 0.42931
1.772212 0.42931
1.773607 0.425741
1.773607 0.425741
1.79206 0.379125
1.715224 0.574758
1.878112 0.193681
1.749226 0.488461
1.749226 0.488461
1.749226 0.488461
1.742695 0.505264
1.741738 0.50772
1.740388 0.511183
1.740388 0.511183
1.739629 0.513129
1.734978 0.525024
1.888824 0.176043
1.682665 0.65195
1.682665 0.65195
1.932224 0.119488
1.731678 0.533432
1.731678 0.533432
1.731678 0.533432
1.731678 0.533432
1.843367 0.260166
1.890988 0.172653
1.842738 0.26149
1.842735 0.261496
1.842735 0.261496
1.727885 0.543053
1.727774 0.543333
1.930457 0.12132
1.930457 0.12132
1.930457 0.12132
1.700981 0.609435
1.700981 0.609435
1.700981 0.609435
1.700981 0.609435
1.691476 0.631827
1.841171 0.264807
1.707509 0.593692
1.902105 0.156176
1.902105 0.156176
1.902105 0.156176
1.92434 0.12797
1.873418 0.201853
1.873418 0.201853
1.926214 0.125882
1.926214 0.125882
1.707173 0.594509
1.707173 0.594509
1.707173 0.594509
1.707173 0.594509
1.705949 0.597478
1.705949 0.597478
1.685381 0.645816
1.920906 0.131912
1.859948 0.226747
1.833642 0.281069
1.833642 0.281069
1.91911 0.134033
1.91911 0.134033
1.724756 0.550951
1.724756 0.550951
1.906263 0.150418
1.906263 0.150418
1.906263 0.150418
1.908407 0.147536
1.908407 0.147536
1.837275 0.273154
1.911876 0.142999
1.912086 0.142729
1.912086 0.142729
1.912086 0.142729
1.917229 0.136299
1.917229 0.136299
1.71986 0.563231

1.937688 0.114068
1.934133 0.117551
1.927048 0.124967
1.906687 0.149843
1.893279 0.16913
1.893279 0.16913
1.886961 0.179009
1.881796 0.187456
1.872758 0.203023
1.872758 0.203023
1.626109 0.762313
1.863971 0.219092
1.814974 0.323556
1.814974 0.323556
1.635495 0.746565
1.635495 0.746565
1.664276 0.691672
1.805603 0.34589
1.662158 0.696029
1.804399 0.348804
1.804399 0.348804
1.666873 0.686264
1.786837 0.39219
1.853794 0.238808
1.802042 0.35453
1.645267 0.72901
1.798892 0.362234
1.689671 0.636001
1.801162 0.356676
1.801162 0.356676
1.640044 0.738537
1.640044 0.738537
1.640044 0.738537
1.640044 0.738537
1.702482 0.60584
1.68993 0.635404
1.77755 0.415682
1.77755 0.415682
1.77755 0.415682
1.751992 0.481332
1.690375 0.634375
1.691236 0.632383
1.747448 0.49304
1.74743 0.493084
1.74743 0.493084
1.670894 0.677758
1.840213 0.266846
1.693729 0.626579
1.603934 0.794993
1.603934 0.794993
1.603934 0.794993
1.603934 0.794993
1.603934 0.794993
1.603934 0.794993
1.603934 0.794993
1.603934 0.794993
1.603934 0.794993
1.766786 0.443223
1.766786 0.443223
1.766786 0.443223
1.76711 0.442392
1.738512 0.515991
1.835659 0.27666
1.837656 0.272333
1.837656 0.272333
1.837656 0.272333
1.837656 0.272333
1.721977 0.557933
1.714745 0.575945
1.722298 0.557129
1.722298 0.557129
1.791239 0.381169
1.791239 0.381169
1.791239 0.381169
1.791239 0.381169
1.791239 0.381169
1.791239 0.381169
1.791239 0.381169
1.679523 0.658965
1.707319 0.594156
1.697956 0.616633
1.697956 0.616633
1.697956 0.616633
1.697956 0.616633
1.697956 0.616633
1.697956 0.616633
1.831941 0.284818
1.831941 0.284818
1.844962 0.256826
1.844962 0.256826
1.844962 0.256826
1.739132 0.514402
1.716591 0.571372
1.846608 0.253406
1.727864 0.543104
1.849126 0.248229
1.849126 0.248229
1.849057 0.24837
1.827225 0.295346
1.727188 0.544815

