1.303101 1.415128
0.108064 3.180608
0.108064 3.180608
1.301777 1.432928
1.325229 1.148769
1.325229 1.148769
1.325229 1.148769
0.838423 1.596004
0.838423 1.596004
1.369433 0.830627
0.376506 2.415312
0.376506 2.415312
1.293681 1.545753
1.293681 1.545753
1.293681 1.545753
1.293681 1.545753
1.293681 1.545753
1.293681 1.545753
1.293681 1.545753
0.09037 3.243333
1.363616 0.854159
1.363616 0.854159
0.814558 1.624474
0.369641 2.444373
0.369641 2.444373
0.369641 2.444373
0.369641 2.444373
1.332406 1.07637
0.813733 1.627324
0.813733 1.627324
0.349323 2.591458
0.349323 2.591458
0.349323 2.591458
0.336761 2.723124
0.336761 2.723124
0.738778 2.336047
0.738778 2.336047
0.33519 2.741458
0.738942 2.333738
0.738942 2.333738
0.306698 3.124646
0.306698 3.124646
0.306698 3.124646
0.343158 2.652603
0.343158 2.652603
0.343158 2.652603
0.742516 2.284023
0.742516 2.284023
0.742516 2.284023
1.353417 0.909357
0.793737 1.733409
0.326408 2.850488
0.326408 2.850488
0.326408 2.850488
0.325876 2.857412
0.325876 2.857412
0.325876 2.857412
0.783385 1.814996
0.040531 3.90451
0.791204 1.751759
0.790727 1.755335
0.78777 1.778322
0.784374 1.806465
0.784374 1.806465
0.784374 1.806465
0.789177 1.767207
0.041001 3.899206
0.041001 3.899206
0.041001 3.899206
0.041001 3.899206
0.041001 3.899206
0.041001 3.899206
0.31914 2.947822
0.065808 3.535226
0.08279 3.311254
0.08279 3.311254
0.057481 3.665217
0.066311 3.527571
0.066311 3.527571
0.066311 3.527571
0.071708 3.448508
0.075133 3.401946
0.070738 3.462255
0.070738 3.462255
0.053957 3.720209
0.053957 3.720209
0.069631 3.478219
0.069924 3.473957
0.069924 3.473957
0.080401 3.337349
0.080401 3.337349
0.080401 3.337349
0.076385 3.385771
0.312411 3.042251
0.312411 3.042251
0.317585 2.969324
0.317585 2.969324
0.076934 3.378836
0.076934 3.378836
0.076934 3.378836

0.754844 2.121515
0.734976 2.390059
0.734976 2.390059
0.750423 2.178052
0.750423 2.178052
0.750423 2.178052
0.739177 2.330442
0.740502 2.311906
0.740502 2.311906
0.740502 2.311906
0.776075 1.882744
0.776075 1.882744
0.103513 3.183751
0.348876 2.595651
0.100485 3.190778
0.778854 1.856038
0.778854 1.856038
0.780162 1.843871
0.056529 3.680161
0.055822 3.691228
0.312825 3.036339
0.312825 3.036339
0.058789 3.644627
0.054621 3.709942
0.822074 1.604217
0.822074 1.604217
0.822074 1.604217
0.822074 1.604217
0.314276 3.015741
0.314276 3.015741
0.060058 3.624645
0.329594 2.809733
0.329594 2.809733
0.329594 2.809733
0.314623 3.01084
0.32765 2.83445
0.04667 3.827468
0.04667 3.827468
0.051458 3.758297
0.047819 3.811455
0.047819 3.811455
0.081587 3.32413
0.051165 3.762692
0.051165 3.762692
0.051156 3.762828
0.051156 3.762828
0.80689 1.655703
0.80573 1.661341
0.079685 3.345574
0.804329 1.66847
0.803611 1.672257
0.797746 1.706569
0.380942 2.402342
0.338715 2.700864
0.338715 2.700864
0.338715 2.700864
0.338715 2.700864
0.338715 2.700864
0.044569 3.855596
0.801884 1.68174
0.801884 1.68174
0.356488 2.529624
0.356488 2.529624
0.039261 3.918253
0.043951 3.863537
0.043951 3.863537
0.069674 3.477588
0.069674 3.477588
0.069674 3.477588
0.069674 3.477588
0.334809 2.745966
0.33489 2.745
0.041371 3.894959
0.041371 3.894959
0.041371 3.894959
0.041371 3.894959
0.335022 2.74344
0.335022 2.74344
0.014897 3.963532
0.014897 3.963532
0.335261 2.740628
0.364538 2.472935
0.364538 2.472935
0.364538 2.472935
0.364538 2.472935
0.324053 2.881406
0.324053 2.881406
0.324053 2.881406
0.076881 3.379496
0.076881 3.379496
0.379131 2.407081
0.379131 2.407081
0.379131 2.407081
0.379131 2.407081
0.318978 2.95006
0.318978 2.95006
0.077792 3.368193
0.323823 2.88445
0.077038 3.377528
0.077038 3.377528

0.833152 1.59328
0.833152 1.59328
0.811878 1.634184
1.309221 1.33543
1.309221 1.33543
1.310532 1.318917
0.732888 2.420148
0.732888 2.420148
0.78785 1.777681
0.78785 1.777681
1.316174 1.250285
0.781328 1.833245
0.781328 1.833245
1.323971 1.162201
1.323971 1.162201
0.774764 1.895729
0.773814 1.905306
0.773814 1.905306
0.317644 2.968513
0.339263 2.694725
0.339263 2.694725
0.336909 2.721419
0.336909 2.721419
0.055284 3.69963
0.340906 2.676646
0.767202 1.975397
1.339874 1.009104
1.339874 1.009104
0.739417 2.327076
0.739417 2.327076
1.342403 0.988257
0.065971 3.532744
1.343581 0.97889
1.344795 0.969466
1.32988 1.101002
1.32988 1.101002
1.330091 1.098908
1.330091 1.098908
1.330091 1.098908
0.360845 2.497207
0.082169 3.317831
0.374047 2.424473
0.313471 3.027159
0.313471 3.027159
0.313471 3.027159
0.313471 3.027159
0.313471 3.027159
0.763893 2.012667
0.763893 2.012667
0.36224 2.487688
0.36224 2.487688
0.372709 2.430045
0.372709 2.430045
0.372709 2.430045
0.372709 2.430045
0.07824 3.362723
0.07824 3.362723
0.363808 2.477494
0.365702 2.465905
0.329623 2.809363
0.329623 2.809363
0.057859 3.659265
1.364776 0.849002
1.364776 0.849002
1.355456 0.896921
1.355456 0.896921
1.355456 0.896921
1.355456 0.896921
0.084405 3.294848
0.084405 3.294848
0.084405 3.294848
1.35631 0.891919
1.35631 0.891919
0.3486 2.598257
1.39004 0.794972
1.39004 0.794972
0.071271 3.454668
0.071271 3.454668
0.07323 3.427412
0.327999 2.829972
0.327999 2.829972
0.327999 2.829972
0.352857 2.55967
0.350298 2.582443
0.350298 2.582443
0.350298 2.582443
0.073571 3.422768
0.743674 2.268145
0.743674 2.268145
0.743674 2.268145
0.743674 2.268145
0.743674 2.268145
0.06132 3.604801
0.06132 3.604801
0.087987 3.262149
0.087987 3.262149
1.371577 0.823434
1.377676 0.807371
1.377676 0.807371
0.351411 2.572377

0.740077 2.317839
0.031964 3.9784
0.099557 3.19373
0.305063 3.148462
0.83317 1.59328
0.754288 2.128509
0.754288 2.128509
0.077361 3.373503
0.355458 2.537873
0.771479 1.92936
0.071696 3.448673
0.071696 3.448673
0.353997 2.549949
0.038092 3.930125
0.038092 3.930125
0.038092 3.930125
0.352344 2.564126
0.352344 2.564126
0.359505 2.506749
0.774141 1.901992
0.756039 2.106586
0.070217 3.469726
0.070217 3.469726
0.070217 3.469726
0.070217 3.469726
0.317706 2.96765
0.317706 2.96765
0.317706 2.96765
0.81796 1.614027
0.775043 1.892951
0.078843 3.355487
0.325581 2.861267
0.041536 3.893039
0.041536 3.893039
0.364261 2.474648
0.320391 2.930681
0.32326 2.891961
0.364661 2.472178
0.814682 1.624056
0.053763 3.723203
0.053763 3.723203
0.053763 3.723203
0.321972 2.909238
0.321972 2.909238
0.321972 2.909238
0.327244 2.839666
0.044245 3.85978
0.044245 3.85978
0.813048 1.629785
0.05837 3.651229
0.788657 1.771284
0.788657 1.771284
0.788657 1.771284
0.060295 3.620904
0.310099 3.075403
0.759037 2.069867
0.766854 1.979245
0.311927 3.049168
0.311927 3.049168
0.086974 3.270859
0.057297 3.668106
0.057297 3.668106
0.310634 3.067699
0.779202 1.85278
0.31082 3.065024
0.31082 3.065024
0.31082 3.065024
0.31082 3.065024
0.056309 3.683622
0.056309 3.683622
0.056309 3.683622
0.34468 2.636855
0.34468 2.636855
0.081499 3.325097
0.046464 3.830301
0.061276 3.60548
0.80388 1.670829
0.80388 1.670829
0.80388 1.670829
0.80388 1.670829
0.80388 1.670829
0.334912 2.744745
0.334912 2.744745
0.334912 2.744745
0.341323 2.672128
0.794728 1.72652
0.794728 1.72652
0.794728 1.72652
0.794728 1.72652
0.334521 2.749389
0.781588 1.830904
0.781588 1.830904
0.781588 1.830904
0.781588 1.830904
0.781716 1.829747
0.781716 1.829747
0.781716 1.829747
0.334084 2.754591
0.391027 2.389978
0.391027 2.389978

0.737621 2.352369
0.737621 2.352369
0.737621 2.352369
0.743936 2.264566
0.077634 3.370128
0.753415 2.139557
0.044602 3.855157
0.044602 3.855157
0.072311 3.440078
0.072311 3.440078
0.790329 1.758351
0.790329 1.758351
0.754473 2.126178
0.794907 1.725295
0.051221 3.761856
0.051221 3.761856
0.326377 2.850888
0.797986 1.705046
0.797986 1.705046
0.08468 3.292155
0.086091 3.278805
0.089412 3.250606
0.0894 3.250703
0.0894 3.250703
0.0894 3.250703
0.0894 3.250703
0.0894 3.250703
0.764497 2.005764
0.764497 2.005764
0.040431 3.905617
0.3213 2.918322
0.357147 2.524464
0.357147 2.524464
0.357147 2.524464
0.068448 3.495568
0.328711 2.820897
0.759098 2.069136
0.759098 2.069136
0.759098 2.069136
0.30138 3.20237
0.30138 3.20237
0.354515 2.545618
0.760459 2.052817
0.760459 2.052817
0.760459 2.052817
0.341286 2.672524
0.33955 2.691536
0.832884 1.593277
0.832884 1.593277
0.340211 2.684237
0.313482 3.026999
0.329396 2.812228
0.329452 2.811513
0.329452 2.811513
0.827727 1.595811
0.827727 1.595811
0.827727 1.595811
0.312862 3.035823
0.31959 2.941648
0.344377 2.639957
0.344377 2.639957
0.3446 2.637674
0.3446 2.637674
0.813134 1.62947
0.813134 1.62947
0.813882 1.6268
0.813882 1.6268
0.312438 3.041856
0.770853 1.935942
0.770853 1.935942
0.770853 1.935942
0.349984 2.58532
0.350926 2.576733
0.770978 1.934627
0.770978 1.934627
0.336904 2.721479
0.350419 2.58133
0.350419 2.58133
0.350419 2.58133
0.019182 3.988097
0.335631 2.736274
0.335631 2.736274
0.334568 2.748827
0.054699 3.708731
0.774648 1.896898
0.774648 1.896898
0.777601 1.867938
0.777601 1.867938
0.777601 1.867938
0.777601 1.867938
0.333577 2.760677
0.333577 2.760677
0.333577 2.760677
0.333577 2.760677
0.776869 1.874999
0.776869 1.874999
0.389434 2.39035
0.303231 3.175251
0.05502 3.703738
0.388144 2.391085

0.74393 2.264654
0.746709 2.227099
0.746709 2.227099
0.747045 2.222608
0.758428 2.077249
0.780919 1.836948
0.780919 1.836948
0.761025 2.0461
0.326811 2.845259
0.331065 2.791359
0.331065 2.791359
0.331065 2.791359
0.331065 2.791359
0.334214 2.753038
0.785153 1.799842
0.348137 2.60267
0.34762 2.607634
0.765076 1.999183
0.346346 2.620099
0.030454 3.986276
0.341109 2.674437
0.81686 1.617174
0.81686 1.617174
0.304808 3.152197
0.34351 2.648918
0.34351 2.648918
0.343472 2.649319
0.343472 2.649319
0.033106 3.971326
0.071761 3.447767
0.768064 1.965918
0.768064 1.965918
0.768054 1.966024
0.768054 1.966024
0.768054 1.966024
0.768054 1.966024
0.309993 3.07693
0.309993 3.07693
0.305606 3.140543
0.305606 3.140543
0.305606 3.140543
0.810934 1.637915
0.810934 1.637915
0.810934 1.637915
0.810934 1.637915
0.049711 3.784224
0.049711 3.784224
0.391228 2.389972
0.391228 2.389972
0.391228 2.389972
0.391228 2.389972
0.053822 3.72229
0.109111 3.181119
0.307376 3.114787
0.307075 3.119153
0.307075 3.119153
0.053585 3.725936
0.053585 3.725936
0.316434 2.985378
0.319994 2.936105
0.319994 2.936105
0.103471 3.183822
0.103471 3.183822
0.103471 3.183822
0.103471 3.183822
0.036225 3.947423
0.050761 3.768726
0.050761 3.768726
0.050761 3.768726
0.319516 2.942657
0.064147 3.560727
0.052021 3.749816
0.052021 3.749816
0.319217 2.946768
0.319217 2.946768
0.319217 2.946768
0.319217 2.946768
0.08067 3.334312
0.08067 3.334312
0.058674 3.646438
0.092513 3.228475
0.079689 3.345528
0.079689 3.345528
0.09228 3.229994
0.092224 3.230359
0.079117 3.352235
0.079117 3.352235
0.07388 3.418594
0.090936 3.239214
0.066431 3.52575
0.066431 3.52575
0.066431 3.52575
0.364709 2.47188
0.059034 3.640771
0.089698 3.248391
0.076294 3.386933
0.076294 3.386933
0.088161 3.260692
0.065673 3.537277
0.065673 3.537277

0.037188 3.938764
0.037188 3.938764
0.037188 3.938764
0.037188 3.938764
0.309398 3.0855
1.366859 0.840321
0.315627 2.996693
0.059281 3.63687
0.059281 3.63687
0.059281 3.63687
0.073274 3.42682
0.073274 3.42682
0.069275 3.483407
0.73578 2.378538
0.73578 2.378538
0.735973 2.375788
0.317796 2.966399
0.317796 2.966399
0.317796 2.966399
0.320367 2.931008
0.061439 3.602927
0.345854 2.624999
0.345854 2.624999
0.827073 1.596483
0.324834 2.871083
0.325139 2.867065
0.325139 2.867065
1.331062 1.089358
1.311694 1.304456
1.311694 1.304456
0.063182 3.575686
1.357962 0.88259
1.357962 0.88259
1.357962 0.88259
0.0662 3.529253
0.066134 3.530267
0.066134 3.530267
0.771632 1.927766
0.771632 1.927766
0.771632 1.927766
0.771632 1.927766
0.3508 2.57787
1.352518 0.915054
0.37751 2.411973
0.784061 1.809149
0.080039 3.341491
0.763567 2.016415
0.763567 2.016415
0.763567 2.016415
0.78481 1.802744
0.78481 1.802744
0.78481 1.802744
0.78481 1.802744
0.758865 2.071952
0.339081 2.696765
0.765683 1.99233
0.765683 1.99233
0.353352 2.55541
0.37415 2.42406
0.37415 2.42406
0.37415 2.42406
0.741335 2.300332
0.741335 2.300332
0.741335 2.300332
0.741335 2.300332
0.755628 2.111709
0.755628 2.111709
0.755128 2.117951
0.755128 2.117951
0.755128 2.117951
0.743164 2.275128
0.369817 2.443496
0.081369 3.326523
0.7934 1.735791
0.7934 1.735791
0.330612 2.796983
0.100924 3.189512
0.100924 3.189512
0.361715 2.491218
0.364306 2.474369
0.363627 2.478642
0.35737 2.522736
0.35737 2.522736
0.35737 2.522736
0.35737 2.522736
1.344516 0.971611
1.344516 0.971611
0.795307 1.722571
0.795307 1.722571
0.809157 1.645371
0.749951 2.184218
0.749951 2.184218
0.083924 3.299623
0.083924 3.299623
0.083924 3.299623
0.083924 3.299623
0.335964 2.732383
0.335964 2.732383
1.341935 0.99204
1.341935 0.99204

0.07466 3.40818
1.315081 1.263275
0.073322 3.426163
0.080132 3.340417
1.34792 0.946286
1.34792 0.946286
1.341617 0.994631
1.341617 0.994631
0.04221 3.885072
0.04221 3.885072
0.04221 3.885072
0.04221 3.885072
0.04221 3.885072
0.74332 2.272992
0.74332 2.272992
0.395687 2.392265
1.318931 1.218215
0.736465 2.368778
0.736465 2.368778
0.385238 2.394166
0.385238 2.394166
0.736595 2.366928
0.736595 2.366928
0.736595 2.366928
0.736595 2.366928
0.785492 1.796997
0.066175 3.529645
0.066145 3.530088
0.066145 3.530088
0.312353 3.043082
0.312353 3.043082
0.749428 2.191063
0.058998 3.641331
0.087704 3.264538
0.061779 3.597606
0.061779 3.597606
0.061779 3.597606
0.061779 3.597606
0.343569 2.648306
0.358268 2.515893
0.358268 2.515893
0.358268 2.515893
0.358268 2.515893
1.376208 0.810639
1.376208 0.810639
1.380863 0.801584
1.380863 0.801584
1.380863 0.801584
1.380863 0.801584
1.380863 0.801584
1.378813 0.805101
0.366453 2.461533
0.302682 3.183295
0.79178 1.747496
0.79178 1.747496
0.791916 1.746494
0.361649 2.491666
0.363305 2.480705
0.363305 2.480705
0.053992 3.719667
0.053992 3.719667
0.053992 3.719667
0.053992 3.719667
0.053992 3.719667
0.053992 3.719667
0.053992 3.719667
0.77417 1.901704
0.77417 1.901704
0.77417 1.901704
0.77417 1.901704
0.77417 1.901704
0.333948 2.756225
0.333948 2.756225
0.79459 1.727471
0.324655 2.873434
0.771644 1.927642
0.771644 1.927642
0.771644 1.927642
0.334218 2.752992
0.797755 1.706507
0.798014 1.704869
0.340698 2.678908
0.340698 2.678908
0.340698 2.678908
0.340619 2.679774
0.093716 3.221001
0.340051 2.685999
0.32379 2.884893
0.32379 2.884893
0.336243 2.729128
0.336243 2.729128
0.336243 2.729128
0.336243 2.729128
0.31713 2.975655
0.31713 2.975655
0.814147 1.625878
0.754337 2.127894
0.754337 2.127894
0.754337 2.127894
0.754337 2.127894

0.041933 3.888372
0.302937 3.179549
0.302976 3.178987
0.304867 3.151322
0.309069 3.090252
0.309069 3.090252
0.309069 3.090252
0.316868 2.979309
0.390856 2.389989
0.390856 2.389989
0.390856 2.389989
0.390856 2.389989
0.065602 3.538364
0.082428 3.315075
0.070901 3.459934
0.070901 3.459934
0.369534 2.444914
0.369534 2.444914
0.07207 3.443428
0.090148 3.244978
1.339354 1.013514
1.339354 1.013514
0.078337 3.361549
0.059056 3.640421
0.059056 3.640421
0.059056 3.640421
0.059066 3.640262
0.059066 3.640262
0.059066 3.640262
0.059066 3.640262
0.773509 1.908399
1.336015 1.042811
0.077456 3.372322
0.772829 1.915358
0.759913 2.059344
0.759913 2.059344
0.759913 2.059344
0.759913 2.059344
0.356066 2.532981
0.356066 2.532981
0.076765 3.380961
0.076765 3.380961
0.076765 3.380961
0.105179 3.181578
0.105179 3.181578
0.105179 3.181578
0.105179 3.181578
0.105179 3.181578
0.099056 3.195482
0.099056 3.195482
0.739668 2.32355
0.739668 2.32355
0.739668 2.32355
0.739668 2.32355
0.78487 1.80224
0.78487 1.80224
0.798159 1.703957
0.797395 1.708806
1.400033 0.804762
1.333533 1.065683
1.333533 1.065683
1.333533 1.065683
1.333533 1.065683
0.786023 1.79257
0.765286 1.996802
0.789041 1.768271
0.341695 2.668118
0.751384 2.165592
0.751384 2.165592
0.751384 2.165592
0.789915 1.761505
0.352366 2.563937
0.352366 2.563937
0.79177 1.747571
0.79177 1.747571
0.79177 1.747571
0.828159 1.595411
0.750754 2.173754
0.750754 2.173754
0.750754 2.173754
0.767201 1.975402
0.767248 1.974885
1.31872 1.220639
1.31872 1.220639
1.31872 1.220639
1.31872 1.220639
1.375316 0.81281
1.375316 0.81281
0.768377 1.962503
0.768377 1.962503
0.768377 1.962503
0.768377 1.962503
0.342459 2.65997
0.342459 2.65997
0.342459 2.65997
0.745128 2.248384
1.31036 1.321069
1.355068 0.899233
1.355068 0.899233
1.355068 0.899233

0.032445 3.975536
1.390786 0.795092
1.390786 0.795092
0.042143 3.885869
0.042143 3.885869
1.301971 1.430308
1.301971 1.430308
1.301971 1.430308
1.301971 1.430308
0.047596 3.814597
0.340258 2.683725
0.736398 2.36973
0.736398 2.36973
1.354013 0.905651
0.054977 3.704409
0.739964 2.319408
0.739964 2.319408
0.347729 2.606583
0.78598 1.792927
0.058723 3.645668
0.058723 3.645668
0.058723 3.645668
0.058723 3.645668
0.106605 3.180659
0.826553 1.597074
0.064012 3.562819
0.064012 3.562819
0.102835 3.184979
0.7786 1.858433
0.777677 1.86721
0.777677 1.86721
0.777677 1.86721
0.777677 1.86721
0.777677 1.86721
0.325505 2.862263
0.325505 2.862263
0.325505 2.862263
0.066215 3.529027
0.066373 3.526629
0.081353 3.326704
0.747304 2.219159
0.747304 2.219159
0.747304 2.219159
0.747304 2.219159
1.34165 0.994358
1.34165 0.994358
0.750584 2.175956
0.750584 2.175956
0.086281 3.277069
0.086281 3.277069
0.086281 3.277069
0.754598 2.124604
0.305826 3.137341
0.078325 3.361697
0.078325 3.361697
0.796822 1.712513
0.094822 3.214691
0.094822 3.214691
0.094822 3.214691
0.094822 3.214691
0.393527 2.390581
0.797693 1.706906
0.385676 2.393575
0.076679 3.382046
0.812106 1.63331
0.32099 2.922531
0.075902 3.391948
1.32772 1.122808
0.38195 2.400034
0.075108 3.402273
0.810249 1.640724
0.320539 2.928671
0.312367 3.042871
0.809499 1.643892
0.809499 1.643892
0.378572 2.4087
0.071223 3.455353
0.071223 3.455353
0.31215 3.045971
0.31215 3.045971
0.31215 3.045971
0.31215 3.045971
0.376843 2.414164
0.802291 1.679461
0.802291 1.679461
0.320211 2.933145
0.320211 2.933145
0.320211 2.933145
0.35524 2.53965
0.35524 2.53965
0.35524 2.53965
0.802775 1.676786
0.802775 1.676786
0.374431 2.42295
0.355439 2.538023
0.757397 2.089825
0.757397 2.089825
0.763407 2.018264
0.763407 2.018264
0.356351 2.530706

1.39235 0.795662
0.334682 2.74747
0.334682 2.74747
0.13033 3.279157
0.051695 3.754738
0.354259 2.547749
0.354259 2.547749
0.29994 3.223499
0.07853 3.359225
1.319022 1.217178
1.319683 1.209644
1.319683 1.209644
1.319683 1.209644
1.319683 1.209644
0.077124 3.376461
1.301314 1.439199
1.301314 1.439199
1.290567 1.590859
1.290567 1.590859
1.290567 1.590859
1.290567 1.590859
1.290567 1.590859
1.290567 1.590859
1.290567 1.590859
0.818388 1.612861
1.346597 0.955908
0.816932 1.616962
0.816932 1.616962
0.075342 3.399204
0.303807 3.166823
0.303807 3.166823
1.302982 1.416728
1.302982 1.416728
0.318727 2.95352
0.318727 2.95352
0.318727 2.95352
0.318727 2.95352
0.751505 2.164022
0.751505 2.164022
1.329357 1.10622
0.770749 1.937045
0.770749 1.937045
0.770749 1.937045
1.329606 1.103734
0.771829 1.925703
0.305639 3.140065
0.749862 2.185377
0.749862 2.185377
0.30487 3.15128
0.30487 3.15128
0.30487 3.15128
0.749475 2.190439
0.809974 1.641873
0.762621 2.027373
0.762621 2.027373
0.762621 2.027373
0.788138 1.775388
0.788138 1.775388
0.066024 3.53193
0.066024 3.53193
0.744496 2.256952
0.744549 2.256229
0.744549 2.256229
0.744549 2.256229
0.744549 2.256229
0.786414 1.789336
0.073147 3.428552
0.805407 1.662953
0.740829 2.307353
0.797454 1.708428
0.797454 1.708428
0.797454 1.708428
0.757077 2.09376
0.757077 2.09376
0.757077 2.09376
0.800081 1.692196
0.800081 1.692196
0.800081 1.692196
0.058239 3.653284
0.058239 3.653284
0.058312 3.652141
0.058312 3.652141
0.784323 1.806901
0.784079 1.808991
1.342331 0.988837
1.342331 0.988837
0.78302 1.818191
0.78302 1.818191
0.314514 3.012374
0.314514 3.012374
0.314514 3.012374
0.759169 2.068273
0.759169 2.068273
0.759169 2.068273
0.759169 2.068273
0.071307 3.454154
0.071307 3.454154
0.071307 3.454154
0.06368 3.567962
0.06368 3.567962

0.112704 3.186268
0.376644 2.414839
0.057852 3.659378
0.363476 2.479608
0.363476 2.479608
0.363476 2.479608
0.363322 2.480597
0.747751 2.213207
0.331369 2.787593
0.30436 3.158742
0.328347 2.825526
0.332438 2.774481
0.740258 2.315314
0.796213 1.71651
0.351534 2.571281
0.351534 2.571281
0.333271 2.76436
0.333271 2.76436
0.799878 1.693404
0.799878 1.693404
0.086237 3.277473
0.313883 3.021303
0.802417 1.67876
0.085461 3.284661
0.085461 3.284661
0.085461 3.284661
0.347805 2.605851
0.806822 1.656024
0.312372 3.042799
0.312372 3.042799
0.311445 3.056064
0.340009 2.686464
0.340009 2.686464
0.340009 2.686464
0.310464 3.070144
0.760397 2.053559
0.788049 1.776099
0.318707 2.953797
0.343634 2.647625
0.343634 2.647625
0.343634 2.647625
0.343634 2.647625
0.757503 2.088528
0.306857 3.122321
0.306857 3.122321
0.306857 3.122321
0.306857 3.122321
0.306857 3.122321
0.032538 3.974959
0.751415 2.165195
0.751415 2.165195
0.032746 3.973655
0.032746 3.973655
0.032746 3.973655
0.078719 3.356966
0.078719 3.356966
0.07871 3.357072
0.078133 3.364028
0.751707 2.161423
0.751707 2.161423
0.037491 3.935918
0.049553 3.786534
0.042822 3.877659
0.042822 3.877659
0.042822 3.877659
0.762094 2.033523
0.322403 2.903433
0.322403 2.903433
0.322403 2.903433
0.322403 2.903433
0.047126 3.821158
0.043512 3.869092
0.034606 3.960647
0.036715 3.943086
0.0361 3.948498
0.756329 2.102995
0.320153 2.93394
0.320153 2.93394
0.320153 2.93394
0.320153 2.93394
0.75612 2.105585
0.737173 2.358706
0.737173 2.358706
0.737173 2.358706
0.737173 2.358706
0.076215 3.387939
0.07627 3.387231
0.07627 3.387231
0.046349 3.831864
0.046349 3.831864
0.046349 3.831864
0.046349 3.831864
0.755374 2.114879
0.755374 2.114879
0.755374 2.114879
0.833463 1.593299
0.833463 1.593299
0.833463 1.593299
0.830582 1.593803
0.829712 1.594256

0.735343 2.384789
0.735343 2.384789
0.736043 2.374786
0.042033 3.887187
0.042033 3.887187
0.31661 2.982917
0.840545 1.598537
0.314968 3.005972
0.320996 2.922448
0.746073 2.235627
0.321687 2.913091
0.31374 3.023334
0.068026 3.501813
0.047025 3.822567
0.047025 3.822567
0.816374 1.618633
0.349137 2.593196
0.748529 2.202896
0.758669 2.074322
0.354753 2.543648
0.354753 2.543648
0.347225 2.611473
0.355324 2.538963
0.065716 3.536632
0.757303 2.090979
0.065562 3.538982
0.065562 3.538982
0.388945 2.390583
0.388945 2.390583
0.366209 2.462937
0.764368 2.007228
0.764397 2.006906
0.764397 2.006906
0.362734 2.484417
0.362734 2.484417
0.36303 2.482488
0.107062 3.180547
0.107062 3.180547
0.807602 1.652359
0.807335 1.653601
0.385203 2.394216
0.385203 2.394216
0.385203 2.394216
0.377447 2.412176
0.804128 1.669523
0.804128 1.669523
0.804128 1.669523
0.766363 1.98471
0.051278 3.761007
0.051278 3.761007
0.754588 2.124729
0.342041 2.66441
0.062171 3.591462
0.062171 3.591462
0.062171 3.591462
0.062171 3.591462
0.754058 2.131412
0.754031 2.131754
0.060566 3.616642
0.751611 2.162659
0.751611 2.162659
0.751833 2.159795
0.751833 2.159795
0.337978 2.709184
0.337978 2.709184
0.341016 2.675446
0.338521 2.703043
0.340741 2.678442
0.340741 2.678442
0.340741 2.678442
0.307264 3.116417
0.307264 3.116417
0.307264 3.116417
0.307264 3.116417
0.328569 2.822703
0.328569 2.822703
0.082465 3.314682
0.778408 1.860248
0.778408 1.860248
0.778408 1.860248
0.778408 1.860248
0.093095 3.224783
0.093095 3.224783
0.094552 3.216181
0.306163 3.132426
0.09431 3.217545
0.09431 3.217545
0.09431 3.217545
0.080289 3.338629
0.776032 1.883167
0.784012 1.809568
0.784012 1.809568
0.784059 1.809162
0.784059 1.809162
0.785744 1.79489
0.788931 1.769128
0.785072 1.80053
0.785072 1.80053
0.789071 1.768037
0.789071 1.768037

0.750493 2.177146
0.111002 3.18318
0.111002 3.18318
0.753678 2.136219
0.093378 3.223037
0.754481 2.126074
0.754481 2.126074
0.824139 1.600465
0.763588 2.016173
0.763588 2.016173
0.763588 2.016173
0.816875 1.617129
0.815434 1.621581
0.815434 1.621581
0.081412 3.32605
0.804458 1.6678
0.307796 3.108696
0.807031 1.655034
0.807031 1.655034
0.019077 3.987639
0.019077 3.987639
0.019077 3.987639
0.019077 3.987639
0.080761 3.333286
0.080761 3.333286
0.080761 3.333286
0.080761 3.333286
0.338983 2.697861
0.776573 1.877873
0.338738 2.700606
0.34116 2.673886
0.34116 2.673886
0.076309 3.386741
0.356412 2.530222
0.356412 2.530222
0.36186 2.490236
0.356216 2.531778
0.308447 3.09926
0.308447 3.09926
0.034574 3.960891
0.034574 3.960891
0.354405 2.546529
0.039847 3.912017
0.039847 3.912017
0.325485 2.862526
0.074369 3.41204
0.769013 1.955603
0.403732 2.407883
0.310075 3.075741
0.310075 3.075741
0.321675 2.913246
0.78448 1.80556
0.78448 1.80556
0.78448 1.80556
0.042674 3.879466
0.313695 3.023978
0.042815 3.877743
0.073252 3.427109
0.073252 3.427109
0.312857 3.035894
0.312857 3.035894
0.312857 3.035894
0.312857 3.035894
0.792518 1.742109
0.34893 2.595137
0.053857 3.721755
0.053857 3.721755
0.060975 3.610211
0.066556 3.523862
0.043814 3.865282
0.043814 3.865282
0.043814 3.865282
0.334144 2.753881
0.334144 2.753881
0.771681 1.927249
0.771681 1.927249
0.046274 3.832895
0.772375 1.920038
0.772375 1.920038
0.772375 1.920038
0.772375 1.920038
0.772375 1.920038
0.347508 2.608723
0.347508 2.608723
0.347508 2.608723
0.347508 2.608723
0.347508 2.608723
0.347508 2.608723
0.320878 2.924055
0.047453 3.816603
0.047453 3.816603
0.067593 3.508265
0.067593 3.508265
0.067593 3.508265
0.067593 3.508265
0.071198 3.455703
0.068334 3.497254
0.071242 3.455088
0.071242 3.455088
0.071242 3.455088

0.738396 2.341417
0.738396 2.341417
0.738396 2.341417
0.738396 2.341417
0.738396 2.341417
0.304347 3.15892
0.742883 2.278983
0.766618 1.981862
0.766936 1.978341
0.766936 1.978341
0.762133 2.033065
0.762133 2.033065
0.760511 2.052207
0.057847 3.659452
0.754638 2.124097
0.752001 2.157641
0.752001 2.157641
0.752001 2.157641
0.752001 2.157641
0.752395 2.152581
0.072117 3.442777
0.05886 3.643503
0.325535 2.861868
0.325535 2.861868
0.059186 3.638371
0.07674 3.38127
0.07674 3.38127
0.328348 2.825514
0.075941 3.391454
0.075941 3.391454
0.075941 3.391454
0.075941 3.391454
0.388309 2.39097
0.388309 2.39097
0.328917 2.818284
0.384387 2.395442
0.384387 2.395442
0.060224 3.622022
0.377579 2.411752
0.366124 2.463431
0.369347 2.44586
0.787416 1.781172
0.307835 3.108124
0.341364 2.671677
0.041115 3.8979
0.790825 1.754599
0.062201 3.590995
0.062201 3.590995
0.364103 2.475638
0.364103 2.475638
0.33185 2.781672
0.33185 2.781672
0.051396 3.759241
0.051396 3.759241
0.051396 3.759241
0.051396 3.759241
0.785594 1.796146
0.785594 1.796146
0.785594 1.796146
0.793965 1.731814
0.33929 2.694433
0.795172 1.723491
0.345939 2.62415
0.345939 2.62415
0.345939 2.62415
0.345939 2.62415
0.345939 2.62415
0.345939 2.62415
0.04448 3.856742
0.04448 3.856742
0.066343 3.527088
0.099017 3.195624
0.064412 3.556629
0.066076 3.531139
0.066076 3.531139
0.066076 3.531139
0.066076 3.531139
0.064714 3.551984
0.359283 2.508362
0.355638 2.536415
0.355638 2.536415
0.355638 2.536415
0.355638 2.536415
0.355638 2.536415
0.355638 2.536415
0.797806 1.706185
0.320559 2.928392
0.337378 2.716028
0.320507 2.929106
0.097465 3.201778
0.097465 3.201778
0.097465 3.201778
0.045907 3.837871
0.045907 3.837871
0.334917 2.74469
0.334917 2.74469
0.048113 3.807279
0.048113 3.807279
0.778663 1.857844
0.778663 1.857844

1.290882 1.58625
0.051896 3.751696
0.02814 3.994969
0.02814 3.994969
0.02814 3.994969
0.02814 3.994969
0.02814 3.994969
0.031531 3.980833
0.030939 3.983931
1.336001 1.042939
1.336001 1.042939
1.336001 1.042939
0.108005 3.180593
0.108005 3.180593
0.105139 3.181616
0.739924 2.319975
1.295226 1.523711
0.836398 1.594354
0.306899 3.121719
0.354954 2.541984
0.764188 2.009284
1.347495 0.949348
1.347495 0.949348
1.347495 0.949348
1.30365 1.407807
1.30365 1.407807
1.30365 1.407807
1.30365 1.407807
0.057022 3.672424
0.057022 3.672424
0.057022 3.672424
0.057022 3.672424
1.366713 0.840902
1.366713 0.840902
1.366713 0.840902
1.366713 0.840902
1.366713 0.840902
1.366713 0.840902
0.308732 3.095132
0.308732 3.095132
1.298466 1.478252
1.298466 1.478252
1.298466 1.478252
1.298466 1.478252
0.319533 2.942418
0.766102 1.987623
0.766158 1.986997
0.781726 1.82966
0.060941 3.610749
0.060941 3.610749
0.358751 2.512288
0.335577 2.736912
0.335433 2.738605
0.335433 2.738605
0.335433 2.738605
0.333826 2.757688
0.389007 2.390551
0.389007 2.390551
0.325365 2.864094
0.325365 2.864094
0.807669 1.65205
0.807669 1.65205
0.807669 1.65205
0.807669 1.65205
0.807669 1.65205
0.073683 3.421257
0.363941 2.476657
0.313428 3.027771
0.377391 2.412356
0.377391 2.412356
0.795897 1.718607
0.795897 1.718607
0.795897 1.718607
0.795897 1.718607
0.795897 1.718607
0.795897 1.718607
0.787344 1.781756
0.787344 1.781756
0.787344 1.781756
0.787344 1.781756
0.787344 1.781756
0.787344 1.781756
0.365236 2.468683
0.069128 3.485556
0.069128 3.485556
0.069128 3.485556
0.069128 3.485556
0.083762 3.301259
0.083762 3.301259
0.083762 3.301259
0.083762 3.301259
0.083762 3.301259
0.070586 3.464427
0.082172 3.317802
0.082369 3.315705
0.328211 2.827267
0.328211 2.827267
0.328211 2.827267
0.328211 2.827267
0.328211 2.827267

0.303316 3.17401
0.303316 3.17401
0.734406 2.398243
0.754009 2.132026
0.757194 2.092319
0.757194 2.092319
0.064196 3.55997
0.321303 2.918287
0.341412 2.671166
0.341412 2.671166
0.341412 2.671166
0.760779 2.049026
0.760779 2.049026
0.380839 2.40259
0.320645 2.927219
0.76402 2.011212
0.764606 2.004512
0.065623 3.538048
0.835849 1.594036
0.835849 1.594036
0.835849 1.594036
0.772917 1.914451
0.772917 1.914451
0.772917 1.914451
0.773211 1.911446
0.773211 1.911446
0.828999 1.594731
0.042104 3.886344
0.81788 1.614249
0.781016 1.836064
0.080106 3.340722
0.05266 3.740106
0.078797 3.356031
0.077236 3.375056
0.077236 3.375056
0.076602 3.383011
0.045038 3.84946
0.33472 2.747023
0.33472 2.747023
0.33472 2.747023
0.33472 2.747023
0.352217 2.565237
0.051193 3.762282
0.741947 2.291866
0.741528 2.29766
0.326855 2.844691
0.072974 3.430925
0.072974 3.430925
0.072974 3.430925
0.072974 3.430925
0.7399 2.320306
0.7399 2.320306
0.7399 2.320306
0.7399 2.320306
0.7399 2.320306
0.7399 2.320306
0.092834 3.226417
0.093299 3.223523
0.093299 3.223523
0.093299 3.223523
0.353153 2.55712
0.046651 3.827728
0.046651 3.827728
0.361575 2.492172
0.745451 2.244018
0.745451 2.244018
0.745451 2.244018
0.745451 2.244018
0.745451 2.244018
0.745451 2.244018
0.745451 2.244018
0.085855 3.280981
0.085855 3.280981
0.085855 3.280981
0.327333 2.838517
0.327333 2.838517
0.785185 1.79958
0.10895 3.18101
0.10895 3.18101
0.10895 3.18101
0.033417 3.969238
0.069669 3.477664
0.069669 3.477664
0.069669 3.477664
0.312262 3.044373
0.312262 3.044373
0.365776 2.465467
0.359423 2.507343
0.78551 1.796847
0.069959 3.473449
0.069959 3.473449
0.07035 3.467812
0.07035 3.467812
0.100794 3.189876
0.365442 2.467451
0.365442 2.467451
0.365442 2.467451
0.365442 2.467451
0.365442 2.467451
0.365442 2.467451

0.04113 3.897729
0.04113 3.897729
0.303803 3.166877
0.73611 2.373834
0.738763 2.336246
0.73975 2.322412
0.771037 1.93401
0.761925 2.035503
0.76092 2.047353
0.773063 1.91296
0.773063 1.91296
1.293583 1.547156
0.777487 1.869033
0.350964 2.57639
0.350964 2.57639
0.310164 3.074462
0.310164 3.074462
1.32142 1.190132
1.32142 1.190132
1.32142 1.190132
1.385147 0.796638
1.385147 0.796638
1.385147 0.796638
1.385147 0.796638
1.384183 0.797467
0.311339 3.057585
1.377546 0.807646
1.377546 0.807646
0.311517 3.055037
1.295496 1.519881
1.295496 1.519881
1.295496 1.519881
1.295496 1.519881
1.295496 1.519881
1.295496 1.519881
0.755174 2.11737
0.787535 1.780212
0.787741 1.778559
1.327055 1.129648
0.317898 2.964982
0.317898 2.964982
0.317898 2.964982
0.317898 2.964982
0.087024 3.270421
0.087024 3.270421
1.305952 1.377463
0.790101 1.760088
0.790101 1.760088
0.790101 1.760088
0.362048 2.488976
0.391266 2.389973
0.391266 2.389973
0.068026 3.501818
0.057786 3.660412
0.057786 3.660412
0.057786 3.660412
0.057786 3.660412
0.321165 2.920154
0.384495 2.39527
0.384495 2.39527
0.748439 2.20409
0.748439 2.20409
0.751962 2.158142
0.751962 2.158142
0.329368 2.812577
0.341601 2.669123
0.073984 3.4172
0.073331 3.42604
0.069398 3.481608
0.749771 2.186565
0.749771 2.186565
0.749771 2.186565
0.749771 2.186565
0.36465 2.472248
0.36465 2.472248
0.070536 3.465142
0.069786 3.475959
0.069786 3.475959
0.069786 3.475959
1.341367 0.996675
1.341367 0.996675
1.341367 0.996675
1.341367 0.996675
1.341367 0.996675
0.830334 1.593918
0.366628 2.460528
0.366628 2.460528
0.371742 2.434331
0.798878 1.699479
0.075478 3.397438
0.075478 3.397438
0.369151 2.446861
0.825433 1.598513
0.824544 1.599822
0.824544 1.599822
0.820728 1.607086
0.817794 1.614487
0.062499 3.586341
0.062499 3.586341
0.062499 3.586341

0.328486 2.82376
0.735067 2.388744
0.754881 2.121042
1.345924 0.960913
0.33375 2.758597
0.334525 2.749337
0.334993 2.743792
1.304525 1.396198
0.322614 2.900599
0.390612 2.390018
0.390612 2.390018
0.390612 2.390018
0.390612 2.390018
0.390612 2.390018
0.797094 1.710748
0.051823 3.75281
0.75119 2.168104
0.75119 2.168104
0.366315 2.462329
0.366315 2.462329
0.366315 2.462329
0.366315 2.462329
0.792238 1.744145
0.761677 2.038418
0.761677 2.038418
0.739042 2.332324
0.788203 1.774868
0.782159 1.82579
0.83009 1.594042
0.83009 1.594042
0.830013 1.594084
0.74796 2.210429
0.74796 2.210429
0.053752 3.72337
0.053752 3.72337
0.319487 2.943058
0.319487 2.943058
0.319487 2.943058
1.356304 0.891958
1.356304 0.891958
1.392577 0.795781
0.785245 1.799073
0.78629 1.790359
0.78629 1.790359
0.78629 1.790359
0.777097 1.872791
0.071375 3.453198
0.77687 1.874983
0.77687 1.874983
0.74037 2.313753
1.386219 0.795909
1.386219 0.795909
1.386219 0.795909
1.386219 0.795909
0.318016 2.963344
1.359152 0.876157
1.358634 0.878929
1.358634 0.878929
1.358634 0.878929
1.300852 1.445476
1.300852 1.445476
1.370632 0.826505
1.370632 0.826505
0.078454 3.360144
0.078454 3.360144
0.078454 3.360144
1.300424 1.451317
1.300424 1.451317
1.299847 1.459208
0.765908 1.989803
0.315813 2.994077
0.067652 3.507395
1.296294 1.508617
1.296294 1.508617
1.296294 1.508617
1.296294 1.508617
1.296294 1.508617
0.813523 1.628069
0.813523 1.628069
0.813523 1.628069
0.813523 1.628069
0.813523 1.628069
0.813523 1.628069
0.070124 3.471073
0.070124 3.471073
0.070124 3.471073
0.311348 3.057446
0.311348 3.057446
0.311348 3.057446
0.345941 2.624124
0.06794 3.503102
0.06794 3.503102
0.344375 2.639978
1.3315 1.085102
1.3315 1.085102
1.3315 1.085102
0.06809 3.500873
0.068336 3.497216
0.068336 3.497216
0.315004 3.005463

0.32366 2.886618
0.755298 2.115822
0.755298 2.115822
0.326677 2.846996
0.755569 2.112439
0.755569 2.112439
0.065203 3.54447
0.065203 3.54447
0.318859 2.951698
0.066508 3.524598
0.316838 2.979728
0.316205 2.988581
0.316205 2.988581
0.302704 3.182966
0.07118 3.455965
0.07118 3.455965
0.071548 3.450757
0.766997 1.977659
0.766997 1.977659
0.032572 3.97475
0.059131 3.639238
0.073688 3.421184
0.303511 3.171156
0.303511 3.171156
0.033675 3.967455
0.768787 1.95805
0.773511 1.908385
0.076612 3.382893
0.076612 3.382893
0.04757 3.814957
0.04757 3.814957
0.769454 1.950849
0.769454 1.950849
0.769454 1.950849
0.34609 2.622638
0.058063 3.656054
0.305022 3.149067
0.367646 2.454842
0.380171 2.404265
0.380128 2.404377
0.079224 3.350964
0.813825 1.627002
0.813825 1.627002
0.079333 3.349687
0.090682 3.241045
0.090682 3.241045
0.370218 2.441515
0.370218 2.441515
0.342665 2.657783
0.335187 2.741499
0.335187 2.741499
0.08862 3.256911
0.08862 3.256911
0.783512 1.813897
0.311068 3.061466
0.311068 3.061466
0.376997 2.413648
0.376997 2.413648
0.376997 2.413648
0.36089 2.496893
0.36089 2.496893
0.36089 2.496893
0.36089 2.496893
0.376239 2.416237
0.049422 3.78845
0.797011 1.711284
0.080715 3.333802
0.080715 3.333802
0.080715 3.333802
0.110856 3.182969
0.110856 3.182969
0.110856 3.182969
0.79685 1.71233
0.79685 1.71233
0.342065 2.664161
0.342065 2.664161
0.342065 2.664161
0.342065 2.664161
0.093428 3.222735
0.056418 3.681899
0.335938 2.732683
0.356407 2.530265
0.356407 2.530265
0.356407 2.530265
0.356407 2.530265
0.08432 3.295684
0.08432 3.295684
0.08432 3.295684
0.08432 3.295684
0.08432 3.295684
0.810132 1.641208
0.339386 2.693362
0.050139 3.777939
0.050139 3.777939
0.050139 3.777939
0.050914 3.766452
0.050914 3.766452
0.050914 3.766452
0.307743 3.109459
0.307743 3.109459

1.307519 1.357163
1.307519 1.357163
0.825696 1.598155
0.820406 1.607819
0.820406 1.607819
1.322074 1.182882
1.323727 1.164835
0.028207 3.994777
0.802444 1.678611
0.390829 2.389992
0.390829 2.389992
0.390829 2.389992
1.369017 0.832114
0.793746 1.733344
0.351496 2.571617
0.351604 2.570658
0.353827 2.55138
0.30879 3.094299
0.30879 3.094299
0.369905 2.44306
0.367316 2.456661
0.367316 2.456661
1.333076 1.069991
1.333076 1.069991
1.335344 1.048905
0.036974 3.940739
0.036974 3.940739
0.036974 3.940739
0.036974 3.940739
1.360628 0.868511
0.045911 3.837818
0.045347 3.845371
0.041656 3.891632
0.31168 3.052695
0.31168 3.052695
0.339767 2.689129
0.337855 2.710582
0.743223 2.274316
0.743223 2.274316
0.083999 3.298876
0.083999 3.298876
0.083999 3.298876
0.329047 2.816632
0.085061 3.28847
0.085061 3.28847
0.336315 2.728293
0.336315 2.728293
1.346591 0.955949
0.32967 2.808776
1.347132 0.951987
1.350791 0.926381
1.350791 0.926381
1.350791 0.926381
1.350791 0.926381
1.350791 0.926381
0.05209 3.748772
0.066464 3.52526
0.066464 3.52526
0.070729 3.462381
0.332232 2.776992
0.332232 2.776992
0.332232 2.776992
0.332232 2.776992
0.761378 2.041938
0.052735 3.738961
0.746306 2.232507
0.746306 2.232507
0.746306 2.232507
0.071585 3.45024
0.071585 3.45024
0.779781 1.847388
0.053157 3.732514
0.053157 3.732514
0.323715 2.885889
0.053521 3.726931
0.749599 2.188815
0.749599 2.188815
0.749599 2.188815
0.749599 2.188815
0.749599 2.188815
0.749599 2.188815
0.06504 3.546969
0.779366 1.85125
0.779366 1.85125
0.323397 2.890123
0.054919 3.70531
0.076783 3.380732
0.317947 2.964305
0.317947 2.964305
0.318219 2.96054
0.77819 1.862314
0.777726 1.866743
0.777726 1.866743
0.775774 1.885707
0.775774 1.885707
0.318587 2.955451
0.318587 2.955451
0.056073 3.68731
0.056073 3.68731
0.772126 1.922622

0.8202 1.608302
1.315538 1.257821
0.075223 3.400768
0.075779 3.393532
0.100402 3.191025
0.100402 3.191025
0.100402 3.191025
0.100402 3.191025
0.079184 3.351443
0.079184 3.351443
0.079184 3.351443
1.319067 1.216664
0.318275 2.95976
1.385201 0.796596
1.385052 0.796712
1.383045 0.798658
0.046691 3.827183
0.046691 3.827183
0.046691 3.827183
0.316234 2.988171
0.755296 2.11585
0.755296 2.11585
0.800962 1.687017
0.055059 3.703134
0.053271 3.730761
0.050299 3.775579
0.050299 3.775579
0.050299 3.775579
0.061418 3.603265
0.061418 3.603265
1.33685 1.035328
0.061252 3.605859
0.061252 3.605859
0.771022 1.934158
0.05877 3.644929
0.059758 3.629357
0.059758 3.629357
0.325857 2.85766
1.352944 0.91234
1.352944 0.91234
1.352944 0.91234
1.352944 0.91234
1.352944 0.91234
1.352944 0.91234
1.352944 0.91234
0.743155 2.275249
0.743155 2.275249
0.792805 1.74004
0.792805 1.74004
0.347698 2.606884
0.347698 2.606884
0.773541 1.908075
0.773541 1.908075
0.773541 1.908075
0.371911 2.433566
0.340791 2.67789
0.340791 2.67789
0.343356 2.650531
0.347027 2.6134
0.774392 1.899468
0.774392 1.899468
0.338992 2.697752
0.329996 2.804678
0.329996 2.804678
0.336646 2.724459
0.336646 2.724459
0.336646 2.724459
0.336783 2.722868
0.336783 2.722868
0.778225 1.861983
0.310886 3.064081
0.310886 3.064081
0.310886 3.064081
0.34605 2.623037
0.34605 2.623037
0.34605 2.623037
0.327769 2.832919
0.327769 2.832919
0.356936 2.526108
0.789665 1.763432
0.328249 2.826777
0.328249 2.826777
0.328249 2.826777
0.328249 2.826777
0.30658 3.126354
0.30658 3.126354
0.788409 1.773237
0.788409 1.773237
0.787141 1.783396
0.787141 1.783396
0.785471 1.797172
0.30709 3.118945
0.30709 3.118945
0.745678 2.24095
0.745678 2.24095
0.745678 2.24095
0.745678 2.24095
0.748688 2.200803
0.748688 2.200803
0.307663 3.11062

0.736077 2.374298
0.736077 2.374298
0.738005 2.346934
0.832879 1.593277
0.826831 1.596751
0.826831 1.596751
0.82402 1.60066
0.071276 3.4546
0.803221 1.674354
0.794883 1.725458
0.794883 1.725458
0.074485 3.410505
0.074485 3.410505
0.074485 3.410505
0.074485 3.410505
0.795949 1.718262
0.795949 1.718262
0.386217 2.392908
0.039716 3.913426
0.31331 3.029441
0.749488 2.190279
0.039934 3.911074
0.065627 3.53799
0.782884 1.81938
0.107733 3.180542
0.107733 3.180542
0.107733 3.180542
0.107733 3.180542
0.782057 1.826702
0.379177 2.406952
0.058713 3.645816
0.057958 3.657716
0.332748 2.770697
0.06389 3.564701
0.06389 3.564701
0.06389 3.564701
0.063056 3.577655
0.060611 3.615931
0.060611 3.615931
0.081946 3.320227
0.0616 3.600408
0.763261 2.019945
0.320378 2.930858
0.308793 3.094247
0.308793 3.094247
0.308793 3.094247
0.308793 3.094247
0.35249 2.562853
0.763031 2.022606
0.352814 2.560042
0.352814 2.560042
0.05404 3.718932
0.356722 2.527785
0.359528 2.506577
0.358885 2.511288
0.355753 2.53549
0.054785 3.707397
0.054785 3.707397
0.054785 3.707397
0.054785 3.707397
0.765872 1.9902
0.334558 2.748946
0.348232 2.601754
0.348232 2.601754
0.752135 2.155919
0.752135 2.155919
0.752135 2.155919
0.752135 2.155919
0.362774 2.484159
0.362774 2.484159
0.369966 2.442757
0.369966 2.442757
0.043936 3.86373
0.043936 3.86373
0.043936 3.86373
0.043936 3.86373
0.306992 3.120372
0.306666 3.1251
0.317843 2.96575
0.777251 1.871307
0.777251 1.871307
0.777251 1.871307
0.777251 1.871307
0.777251 1.871307
0.777251 1.871307
0.051319 3.760389
0.31859 2.955408
0.368451 2.450511
0.368872 2.448305
0.368872 2.448305
0.318286 2.959611
0.318049 2.962883
0.318049 2.962883
0.318049 2.962883
0.318049 2.962883
0.755178 2.117323
0.755178 2.117323
0.755178 2.117323
0.046084 3.835466
0.046084 3.835466

0.832929 1.593277
0.831268 1.593545
0.82888 1.59482
0.381935 2.400067
0.375316 2.419568
0.799832 1.693681
0.029385 3.99081
0.029385 3.99081
0.029385 3.99081
0.029385 3.99081
0.09391 3.219855
0.767544 1.971624
0.79036 1.758112
0.790316 1.758445
0.760897 2.047626
0.760897 2.047626
0.760897 2.047626
0.760897 2.047626
0.760897 2.047626
0.760897 2.047626
0.073266 3.426921
0.055584 3.694952
0.055657 3.693814
0.055758 3.692232
0.330063 2.803838
0.330906 2.793331
0.330906 2.793331
0.787365 1.781585
0.787365 1.781585
0.787365 1.781585
0.038815 3.922876
0.784439 1.805908
0.784439 1.805908
0.039648 3.914149
0.326982 2.84305
0.326982 2.84305
0.090326 3.243658
0.090326 3.243658
0.325991 2.855919
0.324346 2.877527
0.324346 2.877527
0.04055 3.904298
0.341053 2.675044
0.343486 2.649167
0.321131 2.920611
0.040703 3.902584
0.040703 3.902584
0.058005 3.656967
0.058005 3.656967
0.066318 3.527466
0.32044 2.930022
0.32044 2.930022
0.32044 2.930022
0.084028 3.298582
0.314524 3.012239
0.044449 3.857144
0.319438 2.943725
0.086932 3.271237
0.086932 3.271237
0.086932 3.271237
0.086932 3.271237
0.344659 2.637073
0.344659 2.637073
0.309354 3.086138
0.065839 3.53475
0.065839 3.53475
0.065839 3.53475
0.065839 3.53475
0.075557 3.396414
0.075557 3.396414
0.075557 3.396414
0.075557 3.396414
0.075557 3.396414
0.064007 3.562886
0.064083 3.56172
0.059828 3.628257
0.739538 2.325371
0.739538 2.325371
0.739538 2.325371
0.739538 2.325371
0.743333 2.272811
0.743333 2.272811
0.743333 2.272811
0.743333 2.272811
0.739538 2.325371
0.739538 2.325371
0.743333 2.272811
0.743333 2.272811
0.308647 3.096359
0.060364 3.619826
0.060364 3.619826
0.060364 3.619826
0.081158 3.328849
0.081158 3.328849
0.338813 2.699762
0.061916 3.595446
0.061916 3.595446
0.061916 3.595446
0.061916 3.595446
0.308062 3.104831

0.830912 1.593668
1.36941 0.83071
0.73965 2.323808
0.73965 2.323808
0.778175 1.862459
0.09032 3.243701
0.089663 3.248662
0.089663 3.248662
1.359124 0.876306
1.359124 0.876306
0.742083 2.289985
1.322514 1.178046
1.357879 0.883053
0.774765 1.895719
0.774765 1.895719
0.774765 1.895719
0.774355 1.899833
0.774355 1.899833
0.745085 2.248959
1.29091 1.585843
1.29091 1.585843
0.081951 3.320178
0.081951 3.320178
0.081951 3.320178
0.747192 2.220653
0.747192 2.220653
1.326435 1.136086
0.749733 2.187068
0.058788 3.644634
0.066872 3.519096
0.067773 3.50559
0.342187 2.662859
0.342268 2.662
0.386675 2.392396
0.386675 2.392396
0.386675 2.392396
0.386675 2.392396
0.752266 2.154239
1.303263 1.41297
0.318867 2.951582
0.318867 2.951582
0.380771 2.402756
0.380771 2.402756
0.380771 2.402756
1.328419 1.11568
0.348764 2.596709
0.348764 2.596709
0.343998 2.643854
0.344075 2.643058
0.344075 2.643058
0.345581 2.627735
0.060189 3.622572
0.060189 3.622572
1.301941 1.430712
1.301941 1.430712
1.301941 1.430712
0.317132 2.975635
0.317132 2.975635
0.063409 3.57216
0.063409 3.57216
0.049995 3.780055
0.049995 3.780055
0.049995 3.780055
0.060897 3.611432
0.060897 3.611432
0.316524 2.984122
0.316524 2.984122
0.316524 2.984122
1.341088 0.998975
1.341088 0.998975
1.341088 0.998975
0.071553 3.450683
0.071553 3.450683
0.071553 3.450683
0.062688 3.583393
0.062688 3.583393
0.073245 3.427211
0.073245 3.427211
0.073245 3.427211
0.073245 3.427211
0.073245 3.427211
0.356476 2.529723
0.356476 2.529723
0.356476 2.529723
0.356476 2.529723
0.356476 2.529723
0.356476 2.529723
0.356476 2.529723
1.340405 1.004646
0.304266 3.160112
0.304266 3.160112
1.339958 1.008397
0.326303 2.851851
0.759553 2.063659
0.759553 2.063659
0.04871 3.798755
1.313836 1.278248
1.313836 1.278248
0.331882 2.78128
0.048292 3.804742

0.832032 1.593358
0.109009 3.181049
1.345527 0.963893
0.050999 3.76518
1.343573 0.978955
1.316996 1.240621
1.316996 1.240621
1.316996 1.240621
1.315965 1.252755
1.341672 0.994183
1.341672 0.994183
0.774567 1.897707
0.774236 1.901033
0.315082 3.004361
0.783417 1.814717
1.335431 1.048108
1.334746 1.054392
1.334746 1.054392
1.334746 1.054392
0.785443 1.797411
0.074031 3.41657
0.796565 1.714189
0.796565 1.714189
0.796565 1.714189
0.796565 1.714189
0.790912 1.753943
0.790912 1.753943
0.743075 2.276347
0.743075 2.276347
0.743075 2.276347
0.075559 3.396381
0.744802 2.252798
0.0878 3.263721
0.0878 3.263721
0.0878 3.263721
0.0878 3.263721
0.076688 3.381928
0.076688 3.381928
0.076688 3.381928
0.33178 2.782538
0.33178 2.782538
0.33178 2.782538
0.080894 3.331797
0.079344 3.349563
0.359562 2.506335
0.343895 2.644924
0.320222 2.932989
0.320222 2.932989
1.305104 1.388573
1.305104 1.388573
1.305104 1.388573
1.305104 1.388573
1.305104 1.388573
0.32025 2.932615
0.32025 2.932615
0.32025 2.932615
0.083753 3.301351
0.083753 3.301351
0.323184 2.892977
0.304047 3.163309
0.061651 3.5996
0.061651 3.5996
0.766664 1.981359
0.766664 1.981359
0.326649 2.847354
0.326649 2.847354
0.766288 1.985545
0.354739 2.54376
0.354739 2.54376
0.327472 2.836727
0.327472 2.836727
0.327472 2.836727
0.327472 2.836727
1.30063 1.448495
1.30063 1.448495
1.30063 1.448495
0.388938 2.390587
0.388938 2.390587
0.388938 2.390587
0.388938 2.390587
0.388938 2.390587
0.349483 2.589957
0.060724 3.614165
0.060724 3.614165
0.752664 2.149133
0.752664 2.149133
0.749173 2.194406
0.749173 2.194406
0.758907 2.071441
0.758907 2.071441
0.758907 2.071441
0.759053 2.069678
0.338238 2.706237
0.338238 2.706237
0.338238 2.706237
0.338238 2.706237
0.364032 2.476081
0.373417 2.427046
0.351756 2.569308
0.340547 2.680561

1.324384 1.157774
1.324384 1.157774
0.291561 3.346026
0.735121 2.387967
1.328945 1.110362
1.328945 1.110362
1.328945 1.110362
0.736532 2.367819
0.736532 2.367819
0.334087 2.754561
1.392412 0.795694
1.392412 0.795694
1.392412 0.795694
1.392412 0.795694
0.334425 2.750522
0.750985 2.170756
0.300886 3.209616
1.362626 0.858747
0.259986 3.758351
0.259986 3.758351
0.301601 3.199138
0.301904 3.194688
0.287147 3.409629
0.287147 3.409629
1.348219 0.944152
1.348219 0.944152
1.348219 0.944152
1.348219 0.944152
1.348219 0.944152
1.348219 0.944152
1.293538 1.547806
1.293538 1.547806
0.266508 3.684066
0.307729 3.109655
0.75946 2.064773
0.75946 2.064773
0.75946 2.064773
0.75946 2.064773
0.75946 2.064773
0.320376 2.930895
0.320376 2.930895
0.320376 2.930895
0.255089 3.808825
1.305902 1.378114
1.305902 1.378114
1.305902 1.378114
1.305902 1.378114
1.305902 1.378114
1.305902 1.378114
0.254897 3.810704
0.304783 3.15256
0.304783 3.15256
0.304783 3.15256
0.304783 3.15256
0.268009 3.665937
0.268009 3.665937
0.268517 3.65972
0.268517 3.65972
0.392726 2.39023
0.392726 2.39023
0.783385 1.814997
0.783385 1.814997
0.375628 2.418422
0.375628 2.418422
0.745458 2.243913
0.745458 2.243913
0.387867 2.391294
0.387867 2.391294
0.387867 2.391294
0.788149 1.775303
0.378496 2.408924
0.378496 2.408924
0.318863 2.951645
0.318792 2.952625
0.318792 2.952625
0.744893 2.251563
0.744893 2.251563
0.744893 2.251563
0.744893 2.251563
0.744893 2.251563
0.195584 3.928824
0.195584 3.928824
0.195584 3.928824
0.195584 3.928824
0.195584 3.928824
0.195584 3.928824
0.273564 3.595926
0.273564 3.595926
0.350195 2.583386
0.350195 2.583386
0.792136 1.744886
0.792136 1.744886
0.792136 1.744886
0.793927 1.732075
0.795314 1.722529
0.795314 1.722529
0.274914 3.578282
0.274914 3.578282
0.76619 1.986642
0.774411 1.899273

1.363462 0.854861
1.363462 0.854861
1.361175 0.865766
1.303417 1.410914
1.32773 1.1227
1.314334 1.272234
1.314334 1.272234
1.314334 1.272234
1.314334 1.272234
1.314334 1.272234
1.314334 1.272234
0.384543 2.395196
0.384543 2.395196
0.739515 2.325701
0.056309 3.683617
0.818421 1.612774
0.818421 1.612774
0.075091 3.402487
0.075091 3.402487
0.075848 3.392642
0.075848 3.392642
0.741159 2.302783
0.057931 3.658145
0.081597 3.324021
0.364445 2.473511
0.364445 2.473511
0.084356 3.295324
0.084356 3.295324
0.304744 3.153127
0.304744 3.153127
0.304744 3.153127
0.304744 3.153127
0.065574 3.538796
0.060001 3.625532
0.786899 1.785366
0.786899 1.785366
0.30626 3.131009
0.805354 1.66322
0.743875 2.2654
0.743875 2.2654
0.061454 3.6027
0.061454 3.6027
0.047389 3.817491
0.047389 3.817491
0.80396 1.670405
0.064258 3.559006
0.064258 3.559006
0.064258 3.559006
0.064258 3.559006
0.800832 1.687771
0.800832 1.687771
0.800832 1.687771
0.800832 1.687771
0.757752 2.085476
0.757752 2.085476
0.310237 3.073415
0.310237 3.073415
0.355447 2.53796
0.355447 2.53796
0.09145 3.235598
0.09145 3.235598
0.046546 3.829168
0.782457 1.82315
0.779783 1.847373
0.35032 2.582236
0.35032 2.582236
0.350407 2.581444
0.350407 2.581444
0.351865 2.568341
0.351247 2.573847
0.781573 1.831036
0.781573 1.831036
0.781573 1.831036
0.045872 3.838342
0.329129 2.815589
0.329129 2.815589
0.32736 2.838168
0.32736 2.838168
0.311859 3.050138
0.312488 3.041148
0.331981 2.78007
0.335624 2.736356
0.332466 2.774135
0.333109 2.76632
0.752524 2.150923
0.752524 2.150923
0.76675 1.980404
0.76675 1.980404
0.76686 1.979179
0.335054 2.743067
0.335054 2.743067
0.335054 2.743067
0.335054 2.743067
0.335054 2.743067
0.77283 1.915348
0.77283 1.915348
0.77283 1.915348
0.74859 2.202095
0.74859 2.202095
0.74859 2.202095

0.041894 3.888833
0.041894 3.888833
0.041894 3.888833
0.327542 2.835831
0.313611 3.02517
0.311196 3.059628
0.311196 3.059628
0.748293 2.206024
0.749267 2.193175
0.079996 3.341981
0.079996 3.341981
0.336775 2.722961
0.802303 1.679391
0.802303 1.679391
0.084001 3.298857
0.084001 3.298857
0.764207 2.009075
0.100494 3.19075
0.800915 1.687288
0.800915 1.687288
0.776773 1.875928
0.3557 2.535915
0.35271 2.56094
0.356579 2.528907
0.356579 2.528907
0.099274 3.194707
0.099274 3.194707
0.324146 2.880176
0.324146 2.880176
0.324146 2.880176
0.779674 1.848386
0.779674 1.848386
0.058536 3.64861
0.359628 2.505858
0.068421 3.495963
0.338359 2.704869
0.338359 2.704869
0.057391 3.666637
0.059345 3.635858
0.087206 3.268831
0.087206 3.268831
0.075646 3.395264
0.758131 2.08086
0.758131 2.08086
0.781464 1.83202
0.781069 1.835588
0.781069 1.835588
0.781144 1.834909
0.095893 3.209089
0.366305 2.462383
0.366305 2.462383
0.366305 2.462383
0.06031 3.620664
0.36792 2.453351
0.742513 2.284071
0.742513 2.284071
0.742513 2.284071
0.368386 2.450853
0.794035 1.731324
0.791704 1.748055
0.791704 1.748055
0.791704 1.748055
0.791704 1.748055
0.791704 1.748055
0.091773 3.23338
0.052277 3.745941
0.052277 3.745941
0.318147 2.961532
0.318147 2.961532
0.092338 3.229614
0.092338 3.229614
0.741956 2.291748
0.741956 2.291748
0.061304 3.605041
0.061304 3.605041
0.756419 2.101872
0.756419 2.101872
0.390161 2.390107
0.390161 2.390107
0.318748 2.953224
0.318748 2.953224
0.387069 2.391994
0.387069 2.391994
0.387069 2.391994
0.380847 2.40257
0.348098 2.603039
0.382445 2.398989
0.052972 3.735344
0.753436 2.139288
0.753436 2.139288
0.062437 3.587298
0.75348 2.138739
0.320495 2.929269
0.320495 2.929269
0.347784 2.606049
0.319914 2.937201
0.319914 2.937201
0.753992 2.132252
0.754495 2.125902
0.754495 2.125902

0.735763 2.378784
0.097661 3.200943
0.097661 3.200943
0.097661 3.200943
0.301498 3.20065
0.301498 3.20065
0.077134 3.376328
0.087014 3.270512
0.086555 3.27459
0.072579 3.43636
0.743028 2.276991
0.08221 3.317394
0.08221 3.317394
0.74454 2.256356
0.387832 2.391321
0.387832 2.391321
0.387832 2.391321
0.329404 2.812126
0.322816 2.897889
0.069452 3.480821
0.069452 3.480821
0.330272 2.80122
0.330272 2.80122
0.378665 2.408425
0.749466 2.19057
0.746221 2.233638
0.746221 2.233638
0.746221 2.233638
0.754059 2.131393
0.754059 2.131393
0.754059 2.131393
0.372315 2.431767
0.305972 3.135204
0.305972 3.135204
0.306001 3.134785
0.368293 2.451347
0.368293 2.451347
0.066301 3.527726
0.332989 2.767783
0.332989 2.767783
0.065331 3.542515
0.064914 3.548897
0.06311 3.57681
0.063741 3.567004
0.063741 3.567004
0.822307 1.603755
0.7569 2.095934
0.821461 1.605481
0.31905 2.949064
0.785319 1.798447
0.053964 3.720098
0.318755 2.953128
0.036133 3.94822
0.816993 1.616781
0.310522 3.069309
0.310522 3.069309
0.31828 2.95969
0.31828 2.95969
0.31828 2.95969
0.31828 2.95969
0.784578 1.804718
0.784578 1.804718
0.784578 1.804718
0.337589 2.713614
0.3123 3.04383
0.3123 3.04383
0.3123 3.04383
0.3123 3.04383
0.3123 3.04383
0.037046 3.940076
0.037046 3.940076
0.356851 2.526768
0.781585 1.830924
0.781585 1.830924
0.05509 3.702647
0.049469 3.787758
0.049469 3.787758
0.775436 1.889047
0.057758 3.660861
0.057758 3.660861
0.057758 3.660861
0.057758 3.660861
0.347698 2.606881
0.338891 2.698891
0.808653 1.64759
0.05585 3.690798
0.05585 3.690798
0.039219 3.918692
0.056215 3.685092
0.056215 3.685092
0.345907 2.624462
0.345907 2.624462
0.345907 2.624462
0.339162 2.695855
0.777223 1.871577
0.777223 1.871577
0.777223 1.871577
0.807975 1.650643
0.807975 1.650643
0.776321 1.880334

