1.746477 0.507045
1.230565 1.538871
1.701113 0.597774
0.19273 3.61454
0.19273 3.61454
0.19273 3.61454
0.19273 3.61454
0.19273 3.61454
1.604163 0.791674
1.493743 1.012514
1.493743 1.012514
1.493743 1.012514
1.493743 1.012514
1.321461 1.357078
1.565232 0.869536
1.565232 0.869536
1.565232 0.869536
0.774491 2.451017
0.786835 2.42633
0.938928 2.122144
1.548945 0.902111
1.184533 1.630934
1.184533 1.630934
1.659011 0.681977
1.659011 0.681977
1.659011 0.681977
1.659011 0.681977
1.659011 0.681977
1.659011 0.681977
1.522235 0.955531
1.522235 0.955531
0.492057 3.015886
1.177791 1.644418
1.177791 1.644418
1.177791 1.644418
1.146546 1.706907
0.904657 2.190686
0.807781 2.384439
0.751272 2.497456
0.951 2.098001
1.069838 1.860325
1.065442 1.869116
0.815066 2.369869
1.120424 1.759152
1.120424 1.759152
1.120424 1.759152
0.816306 2.367387
1.09476 1.810481
1.09476 1.810481
0.825623 2.348755
0.89376 2.212479
1.107106 1.785789
1.107106 1.785789
0.738565 2.52287
1.046276 1.907447
1.046276 1.907447
1.345181 1.309638
0.384543 3.230913
0.888407 2.223187
1.041224 1.917552
1.035605 1.928789
1.028873 1.942253
0.84447 2.31106
1.022738 1.954524
0.284047 3.431906
0.284047 3.431906
0.284047 3.431906
0.284047 3.431906
0.429779 3.140443
0.849166 2.301667
0.849166 2.301667
0.685276 2.629447
0.469045 3.06191
0.610072 2.779856
0.881289 2.237421
0.881289 2.237421
0.613432 2.773135
0.54 2.920001
1.012879 1.974241
0.729353 2.541294
0.857452 2.285096
0.857452 2.285096
0.87274 2.254519
0.870654 2.258691
1.354071 1.291858
1.354071 1.291858
0.647215 2.705571
0.647215 2.705571
0.617279 2.765443
0.617279 2.765443
0.619391 2.761218
0.542596 2.914808
0.542596 2.914808
0.301595 3.39681
0.301595 3.39681
0.301595 3.39681
0.301595 3.39681
0.629369 2.741262
0.543533 2.912935
0.392837 3.214325

0.329567 3.340866
0.153086 3.693827
0.153086 3.693827
0.153086 3.693827
0.153086 3.693827
0.153086 3.693827
0.153086 3.693827
0.34996 3.300079
0.38013 3.23974
1.557283 0.885434
1.520116 0.959767
0.535864 2.928271
1.576781 0.846438
0.406091 3.187818
0.406091 3.187818
0.473421 3.053157
0.473421 3.053157
0.473439 3.053121
0.473439 3.053121
0.473439 3.053121
1.835887 0.328227
1.835887 0.328227
1.02861 1.942779
1.614595 0.770811
1.614595 0.770811
0.581299 2.837402
0.581299 2.837402
0.900823 2.198354
0.976807 2.046385
1.338416 1.323167
0.860943 2.278114
1.044352 1.911297
1.262233 1.475534
1.262233 1.475534
1.716282 0.567437
1.716282 0.567437
1.716282 0.567437
1.716282 0.567437
0.647282 2.705437
1.202543 1.594914
1.359981 1.280037
1.708573 0.582854
1.460676 1.078647
1.207497 1.585007
1.459965 1.08007
1.69642 0.60716
1.326262 1.347476
1.239387 1.521226
1.052331 1.895338
1.214092 1.571815
0.658551 2.682897
1.23133 1.537341
1.23133 1.537341
1.220847 1.558305
1.220847 1.558305
0.911347 2.177305
1.057927 1.884147
1.057927 1.884147
1.454905 1.09019
1.062098 1.875803
1.062098 1.875803
1.36809 1.263821
1.45372 1.09256
1.170693 1.658615
1.283407 1.433186
0.666428 2.667145
0.812949 2.374102
0.847829 2.304342
0.814778 2.370445
0.816907 2.366186
0.766114 2.467773
0.697654 2.604693
0.697654 2.604693
1.408978 1.182044
1.408978 1.182044
1.672057 0.655886
1.288238 1.423524
0.961949 2.076102
0.961949 2.076102
0.844687 2.310625
0.844687 2.310625
1.79139 0.41722
1.79139 0.41722
1.79139 0.41722
1.127441 1.745117
0.822919 2.354162
1.126876 1.746247
1.126876 1.746247
0.791138 2.417723
0.773656 2.452688
1.095757 1.808485
1.095757 1.808485
1.095757 1.808485
1.095757 1.808485
1.095757 1.808485
1.293862 1.412276
1.433618 1.132764
1.433618 1.132764
1.651678 0.696645
1.651678 0.696645

0.273489 3.453022
1.804019 0.391962
1.804019 0.391962
0.818813 2.362374
1.351963 1.296073
1.377346 1.245308
1.380144 1.239711
1.388586 1.222828
1.325382 1.349236
1.321166 1.357669
0.314778 3.370445
0.927427 2.145145
0.923431 2.153138
0.923431 2.153138
0.322979 3.354043
0.978603 2.042793
1.298271 1.403458
1.504534 0.990932
1.541061 0.917878
1.541061 0.917878
1.541061 0.917878
1.541667 0.916667
0.982483 2.035034
1.284781 1.430438
1.17599 1.64802
0.456312 3.087376
0.456312 3.087376
1.570048 0.859905
0.594215 2.81157
0.752661 2.494678
0.752661 2.494678
0.752661 2.494678
0.898179 2.203643
0.669377 2.661246
0.669377 2.661246
0.669377 2.661246
0.858473 2.283054
1.588911 0.822179
1.588911 0.822179
0.894009 2.211983
0.992053 2.015894
0.860333 2.279334
1.434105 1.13179
0.863113 2.273775
1.598394 0.803211
1.598394 0.803211
1.265214 1.469571
1.265214 1.469571
0.867975 2.26405
0.867975 2.26405
0.867975 2.26405
0.349014 3.301973
0.349014 3.301973
0.525973 2.948054
1.061867 1.876266
1.20456 1.59088
1.20456 1.59088
1.20456 1.59088
1.20456 1.59088
1.152987 1.694027
1.438401 1.123197
1.611315 0.777369
0.356759 3.286482
0.356759 3.286482
0.356759 3.286482
0.392566 3.214867
0.392566 3.214867
0.392566 3.214867
0.371423 3.257154
1.230981 1.538037
1.213229 1.573541
1.615353 0.769294
1.072904 1.854192
1.672037 0.655927
1.672037 0.655927
0.511447 2.977105
0.511447 2.977105
0.511447 2.977105
0.511447 2.977105
0.511447 2.977105
0.511447 2.977105
1.247717 1.504566
1.22268 1.554641
1.252786 1.494428
1.251174 1.497653
1.251174 1.497653
1.049292 1.901415
1.077848 1.844304
1.077848 1.844304
1.077848 1.844304
0.401394 3.197212
0.401394 3.197212
0.731367 2.537267
0.731367 2.537267
1.043111 1.913778
0.729008 2.541984
1.667013 0.665975
1.667013 0.665975
1.012133 1.975733
1.146165 1.70767

1.746305 0.50739
0.290706 3.418588
0.259926 3.480148
0.796321 2.407358
0.248391 3.503217
0.248391 3.503217
0.248391 3.503217
0.240129 3.519743
0.575547 2.848905
0.762352 2.475296
0.570978 2.858044
0.539291 2.921417
0.548894 2.902212
0.598798 2.802404
0.598798 2.802404
0.598798 2.802404
0.665502 2.668995
1.658707 0.682587
1.425018 1.149964
0.737689 2.524622
0.737689 2.524622
0.736281 2.527439
0.38302 3.233961
0.680136 2.639729
0.731064 2.537872
0.680189 2.639623
0.680189 2.639623
1.281491 1.437018
0.684723 2.630555
1.272153 1.455695
0.701207 2.597587
0.848716 2.302569
0.157805 3.68439
1.292188 1.415623
1.33899 1.32202
0.481416 3.037168
1.50475 0.9905
1.412749 1.174503
0.971103 2.057793
0.856722 2.286556
0.978635 2.04273
0.978655 2.042689
0.925565 2.148871
0.907151 2.185699
0.944025 2.11195
0.947858 2.104285
0.947858 2.104285
0.945984 2.108032
0.908668 2.182665
0.908668 2.182665
0.994234 2.011532
0.898989 2.202022
0.898989 2.202022
1.330333 1.339333
1.330333 1.339333
1.330333 1.339333
1.330333 1.339333
1.303841 1.392318
1.303841 1.392318
1.114019 1.771961
0.997203 2.005595
1.566717 0.866566
1.566717 0.866566
1.316571 1.366859
0.399697 3.200607
0.399697 3.200607
0.399697 3.200607
1.062103 1.875794
0.868927 2.262146
0.864439 2.271123
0.864439 2.271123
0.864439 2.271123
0.864439 2.271123
0.47163 3.056741
0.47163 3.056741
0.47163 3.056741
0.47163 3.056741
0.145735 3.708529
0.145735 3.708529
0.145735 3.708529
0.145735 3.708529
0.466809 3.066383
1.011501 1.976997
1.011501 1.976997
1.011501 1.976997
1.541471 0.917058
1.190175 1.61965
1.180139 1.639722
1.180139 1.639722
1.180139 1.639722
1.044738 1.910523
1.158346 1.683309
1.158346 1.683309
1.158346 1.683309
1.104225 1.791549
1.205974 1.588052
1.205974 1.588052
1.202697 1.594606
1.202697 1.594606
1.212668 1.574665

0.144393 3.711234
1.685663 0.628694
1.733625 0.53277
1.733625 0.53277
1.733625 0.53277
1.649759 0.700501
1.649759 0.700501
1.390539 1.218941
1.428586 1.142848
1.428635 1.14275
1.428635 1.14275
1.545842 0.908335
1.545842 0.908335
1.545842 0.908335
1.457594 1.084832
0.213463 3.573094
0.213463 3.573094
1.525261 0.949497
0.224921 3.550178
0.224921 3.550178
1.501508 0.997004
1.508442 0.983135
1.508442 0.983135
1.320251 1.359517
0.385114 3.229792
0.250319 3.499381
0.250319 3.499381
0.865855 2.268309
0.571431 2.857157
0.375677 3.248664
0.375677 3.248664
1.014787 1.970445
0.364749 3.270521
1.043589 1.912841
1.043589 1.912841
1.044553 1.910913
0.434783 3.130454
0.434783 3.130454
0.434783 3.130454
0.434783 3.130454
1.236817 1.526385
0.352849 3.294321
1.002794 1.994432
0.737264 2.525491
0.737264 2.525491
0.737264 2.525491
1.246246 1.507528
1.246246 1.507528
0.739898 2.520224
0.290458 3.419103
0.461619 3.076781
0.461619 3.076781
0.849308 2.301404
0.457718 3.084583
0.457718 3.084583
0.804142 2.391735
0.803711 2.392598
0.605627 2.788765
0.772496 2.455026
0.809908 2.380203
0.810085 2.379849
0.747949 2.504121
0.333098 3.333823
0.333098 3.333823
0.333098 3.333823
0.785755 2.42851
0.332518 3.334984
0.785132 2.429756
0.589497 2.821025
0.589497 2.821025
0.589497 2.821025
0.769511 2.460997
0.769511 2.460997
0.590534 2.818951
0.590534 2.818951
0.995613 2.008794
0.761453 2.477114
1.293613 1.412793
1.293613 1.412793
0.666976 2.666068
1.155804 1.688411
1.120053 1.759914
1.120053 1.759914
1.120053 1.759914
0.957091 2.085837
0.665894 2.668232
0.665894 2.668232
0.665894 2.668232
0.504799 2.990422
0.504799 2.990422
0.504799 2.990422
0.503573 2.992873
0.503573 2.992873
1.129299 1.741422
1.129299 1.741422
1.129299 1.741422
1.129299 1.741422
0.622281 2.755457
0.622281 2.755457
0.990188 2.019644

0.242711 3.514577
1.731639 0.536722
1.661642 0.676715
1.661642 0.676715
1.702841 0.594318
1.702841 0.594318
1.698426 0.603147
1.698426 0.603147
1.698426 0.603147
0.846351 2.307298
0.44419 3.111619
0.44419 3.111619
0.840278 2.319443
0.840278 2.319443
0.836319 2.327361
1.31061 1.37878
1.31061 1.37878
0.729188 2.541625
0.686833 2.626333
0.93648 2.127041
1.100769 1.798462
0.602333 2.795335
0.510867 2.978266
0.510867 2.978266
0.513288 2.973424
0.423627 3.152747
0.423627 3.152747
0.423627 3.152747
0.423627 3.152747
0.795926 2.408148
0.795409 2.409182
0.795409 2.409182
1.197958 1.604083
1.337215 1.32557
1.536626 0.926749
1.453154 1.093693
1.338388 1.323224
0.783909 2.432182
0.901808 2.196383
0.902002 2.195996
0.590121 2.819759
0.590121 2.819759
1.025737 1.948525
1.025634 1.948733
1.023642 1.952716
1.023642 1.952716
0.74308 2.513839
0.74308 2.513839
0.775613 2.448775
1.498453 1.003094
1.410106 1.179787
1.114427 1.771146
0.769052 2.461896
0.745337 2.509327
0.914071 2.171857
0.913543 2.172914
0.913543 2.172914
0.913981 2.172038
0.913981 2.172038
0.913981 2.172038
1.391891 1.216218
1.391891 1.216218
1.391891 1.216218
0.583744 2.832512
1.186044 1.627912
1.186044 1.627912
1.390243 1.219515
1.390243 1.219515
1.372491 1.255018
0.759882 2.480236
0.985575 2.02885
0.985575 2.02885
0.565867 2.868266
0.579626 2.840748
0.579626 2.840748
0.752084 2.495832
0.752768 2.494464
1.353954 1.292091
1.431375 1.137251
1.431375 1.137251
1.431375 1.137251
1.431375 1.137251
1.428914 1.142172
1.428914 1.142172
1.354775 1.290451
1.354775 1.290451
1.356367 1.287266
1.355728 1.288544
1.266157 1.467686
1.266157 1.467686
1.266157 1.467686
1.266157 1.467686
1.266157 1.467686
1.266157 1.467686
1.266157 1.467686
1.065992 1.868015
1.065992 1.868015
1.576401 0.847199
0.991026 2.017948
0.991026 2.017948

0.184198 3.631604
0.189919 3.620163
1.385978 1.228045
1.287947 1.424106
1.921197 0.157608
1.921197 0.157608
1.921197 0.157608
1.268363 1.463274
1.268363 1.463274
1.414735 1.170531
1.24862 1.50276
1.24862 1.50276
1.651095 0.697811
1.651095 0.697811
1.651095 0.697811
1.651095 0.697811
1.427669 1.144662
1.190742 1.618517
1.183859 1.632283
1.872396 0.255209
1.872396 0.255209
1.156446 1.687108
1.156446 1.687108
1.837691 0.324619
1.837691 0.324619
0.265792 3.468416
1.728714 0.542573
1.728714 0.542573
0.266099 3.467803
0.266099 3.467803
0.765659 2.468683
1.54004 0.91992
1.54004 0.91992
1.54004 0.91992
0.368543 3.262914
0.75377 2.492461
0.681821 2.636358
0.433938 3.132125
1.124278 1.751444
1.056984 1.886034
1.056984 1.886034
1.056984 1.886034
1.049165 1.901671
1.049165 1.901671
1.043744 1.912513
0.888895 2.22221
1.119027 1.761947
1.00411 1.991781
1.00411 1.991781
1.116009 1.767982
0.38527 3.229461
0.38527 3.229461
0.38527 3.229461
1.112941 1.774119
1.112941 1.774119
1.112941 1.774119
0.510961 2.978078
0.510961 2.978078
0.514103 2.971795
0.393402 3.213196
1.755941 0.488119
0.40087 3.19826
0.399865 3.200271
0.442696 3.114608
0.442696 3.114608
1.741412 0.517177
1.741412 0.517177
1.741412 0.517177
1.741412 0.517177
0.997782 2.004437
0.523284 2.953432
0.704435 2.591132
0.704435 2.591132
0.70924 2.581521
0.796763 2.406474
0.797201 2.405599
0.80243 2.395141
0.80243 2.395141
0.460595 3.078812
0.730223 2.539554
0.730223 2.539554
0.730223 2.539554
0.72785 2.5443
0.72785 2.5443
0.661191 2.677619
0.983983 2.032034
0.983983 2.032034
0.610373 2.779255
0.610373 2.779255
0.58758 2.824841
0.591085 2.817831
0.591085 2.817831
0.588918 2.822164
0.57392 2.852161
0.57392 2.852161
0.659796 2.680409
0.476525 3.04695
0.476525 3.04695
0.476525 3.04695
1.490895 1.01821

1.759446 0.481107
1.759446 0.481107
1.759446 0.481107
1.759446 0.481107
1.680668 0.638665
0.349161 3.301679
1.358898 1.282204
1.632832 0.734337
1.503668 0.992664
1.503668 0.992664
1.503668 0.992664
1.347077 1.305847
0.301088 3.397823
1.49678 1.00644
1.49678 1.00644
0.362718 3.274565
1.23904 1.52192
0.366638 3.266724
0.366638 3.266724
1.242744 1.514512
0.847575 2.30485
0.849785 2.300429
0.849785 2.300429
0.849785 2.300429
0.849785 2.300429
0.61462 2.77076
0.171192 3.657616
0.171192 3.657616
0.171192 3.657616
0.171192 3.657616
0.171192 3.657616
0.171192 3.657616
0.171192 3.657616
1.08584 1.82832
0.894294 2.211411
0.735332 2.529335
1.073848 1.852303
1.07022 1.859561
1.07022 1.859561
1.024632 1.950736
1.025653 1.948693
1.585175 0.82965
1.585175 0.82965
1.585175 0.82965
1.011953 1.976094
1.011953 1.976094
1.011953 1.976094
1.271657 1.456686
1.043548 1.912905
1.060408 1.879183
1.595403 0.809194
1.595403 0.809194
1.595403 0.809194
1.595403 0.809194
1.595403 0.809194
0.552355 2.89529
1.121349 1.757301
1.057649 1.884702
0.682005 2.635991
1.201564 1.596872
1.434804 1.130392
0.758423 2.483154
0.758423 2.483154
1.305834 1.388333
1.305834 1.388333
1.305834 1.388333
1.126269 1.747462
1.126269 1.747462
0.773961 2.452077
0.773961 2.452077
0.411712 3.176576
0.979126 2.041748
0.772672 2.454656
0.772672 2.454656
0.772672 2.454656
0.772672 2.454656
0.905045 2.18991
0.526166 2.947669
0.526166 2.947669
1.286978 1.426044
1.286978 1.426044
1.292193 1.415615
1.292193 1.415615
1.292193 1.415615
1.134088 1.731823
1.134088 1.731823
0.437207 3.125587
0.688691 2.622619
0.688691 2.622619
0.688691 2.622619
0.688691 2.622619
1.194066 1.611867
1.194066 1.611867
1.194066 1.611867
1.410389 1.179222
0.710229 2.579541
0.518031 2.963938
0.709887 2.580226
0.709887 2.580226
0.709887 2.580226

0.293161 3.413677
1.023929 1.952143
1.052905 1.894189
1.063446 1.873107
1.065384 1.869233
1.683098 0.633804
1.641224 0.717551
1.639469 0.721061
1.697806 0.604387
0.696232 2.607535
0.840702 2.318596
0.840702 2.318596
0.557148 2.885705
1.103623 1.792753
1.103623 1.792753
1.231475 1.53705
1.231475 1.53705
1.219415 1.561171
0.540982 2.918036
1.710217 0.579566
0.68281 2.634381
0.68281 2.634381
0.68281 2.634381
0.968726 2.062547
1.599147 0.801706
0.772384 2.455232
0.351502 3.296996
0.966208 2.067584
0.890069 2.219862
1.198672 1.602656
0.526196 2.947607
1.402058 1.195885
1.384302 1.231395
1.384302 1.231395
0.657992 2.684017
0.657992 2.684017
0.657992 2.684017
1.404929 1.190141
0.634828 2.730344
0.634828 2.730344
0.811762 2.376476
0.811762 2.376476
0.781021 2.437959
0.781021 2.437959
0.781021 2.437959
1.58808 0.82384
1.58808 0.82384
1.587374 0.825252
0.44399 3.11202
0.622196 2.755608
0.599267 2.801466
0.599267 2.801466
0.599267 2.801466
1.139674 1.720651
1.139674 1.720651
0.516322 2.967356
0.95383 2.09234
0.414046 3.171907
0.800744 2.398513
0.604472 2.791055
0.793423 2.413155
0.793423 2.413155
0.606097 2.787807
0.606097 2.787807
1.575722 0.848556
1.575722 0.848556
1.54863 0.90274
1.54863 0.90274
1.54863 0.90274
1.54863 0.90274
1.54863 0.90274
1.418231 1.163539
1.418231 1.163539
1.274988 1.450024
1.464804 1.070391
1.464804 1.070391
0.946001 2.107997
0.946001 2.107997
1.480587 1.038826
1.481554 1.036892
1.483041 1.033918
0.435128 3.129744
0.435128 3.129744
0.435128 3.129744
0.435128 3.129744
0.435128 3.129744
0.435128 3.129744
1.149256 1.701487
1.489084 1.021833
1.355385 1.28923
1.279815 1.44037
1.279815 1.44037
1.279815 1.44037
1.353078 1.293844
1.353078 1.293844
1.353078 1.293844
1.353078 1.293844
1.353078 1.293844
1.353078 1.293844
0.491703 3.016593

0.127919 3.744161
0.127919 3.744161
0.127919 3.744161
0.127919 3.744161
1.7747 0.450601
1.7747 0.450601
1.7747 0.450601
0.257606 3.484788
0.257606 3.484788
1.57217 0.855661
1.582004 0.835992
1.582004 0.835992
0.289771 3.420457
1.511353 0.977294
1.511353 0.977294
1.644641 0.710718
1.644641 0.710718
1.644641 0.710718
1.644641 0.710718
1.644641 0.710718
1.644641 0.710718
0.422376 3.155249
1.339951 1.320098
1.494693 1.010614
1.494693 1.010614
1.100996 1.798009
0.821645 2.356711
0.317507 3.364987
0.317507 3.364987
0.317507 3.364987
0.317507 3.364987
0.830125 2.33975
1.353803 1.292395
0.656166 2.687669
0.681085 2.637831
1.322084 1.355832
0.479696 3.040608
0.479696 3.040608
0.479696 3.040608
0.479696 3.040608
0.841772 2.316457
1.461855 1.07629
0.642251 2.715499
1.018438 1.963124
0.495612 3.008776
0.495612 3.008776
0.495612 3.008776
1.155321 1.689358
1.155321 1.689358
0.87748 2.245041
0.886664 2.226672
1.156156 1.687689
1.156156 1.687689
0.881484 2.237031
0.851286 2.297429
0.851286 2.297429
0.851286 2.297429
1.312982 1.374037
1.430355 1.13929
1.085757 1.828487
1.19824 1.603521
0.634694 2.730611
0.634694 2.730611
0.634694 2.730611
1.188623 1.622754
1.188623 1.622754
1.411574 1.176851
0.53905 2.9219
1.442266 1.115469
1.442266 1.115469
1.308964 1.382073
1.208428 1.583145
0.896981 2.206038
0.896981 2.206038
1.448929 1.102141
1.448929 1.102141
1.448929 1.102141
1.407043 1.185914
1.171007 1.657986
1.171007 1.657986
1.253739 1.492523
1.253739 1.492523
0.698118 2.603763
0.604947 2.790107
1.242456 1.515088
1.242456 1.515088
0.544449 2.911103
0.544449 2.911103
0.544449 2.911103
1.232366 1.535269
0.591003 2.817993
0.591003 2.817993
0.591003 2.817993
0.591003 2.817993
0.61566 2.768681
0.61566 2.768681
1.220856 1.558287
1.220856 1.558287
1.222694 1.554611
0.737127 2.525746

1.66853 0.662939
1.721174 0.557652
1.721174 0.557652
1.721174 0.557652
1.798592 0.402816
0.177576 3.644849
0.177576 3.644849
0.177576 3.644849
0.182847 3.634307
0.797038 2.405924
0.797038 2.405924
0.797038 2.405924
0.797038 2.405924
1.04458 1.91084
0.209079 3.581842
0.231937 3.536126
0.231937 3.536126
0.231937 3.536126
1.188469 1.623063
0.887699 2.224602
1.058906 1.882189
1.196144 1.607711
1.530826 0.938348
0.570318 2.859364
0.737619 2.524762
0.737619 2.524762
1.006049 1.987902
1.006049 1.987902
0.898905 2.202191
0.898905 2.202191
0.898905 2.202191
0.898905 2.202191
1.318431 1.363137
1.429588 1.140823
1.137952 1.724095
0.734022 2.531956
1.340552 1.318896
0.911922 2.176156
0.911922 2.176156
0.286962 3.426076
1.312751 1.374498
1.312751 1.374498
1.312751 1.374498
0.583164 2.833672
0.583164 2.833672
0.723587 2.552827
0.723587 2.552827
1.516794 0.966412
0.475614 3.048773
1.217274 1.565451
0.343374 3.313251
0.343374 3.313251
0.975145 2.04971
0.975145 2.04971
0.600899 2.798202
0.600899 2.798202
0.968126 2.063747
0.968126 2.063747
1.36226 1.27548
1.36226 1.27548
0.970356 2.059289
0.970356 2.059289
0.970356 2.059289
0.612768 2.774465
0.612768 2.774465
0.612768 2.774465
0.612768 2.774465
0.647377 2.705247
0.525601 2.948799
0.525601 2.948799
0.525601 2.948799
0.650636 2.698728
0.371023 3.257954
0.371023 3.257954
1.452738 1.094524
1.452738 1.094524
1.121605 1.756789
1.121605 1.756789
0.424441 3.151118
0.424441 3.151118
0.368183 3.263633
0.367477 3.265047
0.367477 3.265047
0.367477 3.265047
0.367477 3.265047
0.484309 3.031382
1.398622 1.202756
0.654949 2.690101
1.37274 1.254521
1.37274 1.254521
1.272541 1.454917
1.272541 1.454917
1.272541 1.454917
1.231823 1.536354
1.231823 1.536354
1.231823 1.536354
1.231823 1.536354
1.459841 1.080318
1.459841 1.080318
1.459841 1.080318

1.738018 0.524349
1.738018 0.524349
1.431881 1.136623
1.290834 1.418716
1.278883 1.442619
0.458379 3.083627
0.381694 3.236996
1.267079 1.466226
0.515078 2.970229
0.517625 2.965134
1.057843 1.884699
1.309498 1.381389
1.051637 1.897111
0.523274 2.953836
0.159551 3.681283
0.681936 2.636513
1.041724 1.916937
0.646785 2.706815
0.162692 3.675001
0.539056 2.922272
0.687694 2.624998
0.418552 3.16328
0.418552 3.16328
0.418552 3.16328
0.418552 3.16328
0.418552 3.16328
0.418552 3.16328
0.333473 3.333438
0.691417 2.61755
0.929802 2.140781
0.929802 2.140781
1.126231 1.747922
0.931838 2.13671
0.931838 2.13671
0.21733 3.565725
0.21733 3.565725
0.21733 3.565725
1.329049 1.342287
1.122373 1.75564
1.102408 1.795568
1.102408 1.795568
0.55716 2.886064
0.570811 2.858763
0.570811 2.858763
0.55992 2.880544
1.11551 1.769365
1.11551 1.769365
1.11551 1.769365
0.79926 2.401864
0.79926 2.401864
0.274124 3.452136
0.274124 3.452136
0.620041 2.760303
0.620041 2.760303
0.620041 2.760303
1.602312 0.795761
1.602312 0.795761
1.605718 0.788948
1.605718 0.788948
1.605718 0.788948
1.657672 0.68504
1.657672 0.68504
1.657672 0.68504
1.657672 0.68504
1.657672 0.68504
1.657672 0.68504
1.573355 0.853674
1.579086 0.842212
0.610273 2.779839
0.60683 2.786724
0.60683 2.786724
0.849209 2.301968
1.862294 0.275796
1.862294 0.275796
0.185013 3.630358
0.185013 3.630358
0.185013 3.630358
0.185013 3.630358
0.185013 3.630358
1.822489 0.355407
0.782021 2.436343
0.782021 2.436343
1.823302 0.353781
1.823302 0.353781
0.9653 2.069786
0.765726 2.468932
0.765726 2.468932
0.764721 2.470943
0.764721 2.470943
1.182437 1.635511
1.182437 1.635511
1.384188 1.232008
1.893406 0.213572
1.893406 0.213572
1.893406 0.213572
1.893406 0.213572
1.893406 0.213572
1.893406 0.213572
1.893406 0.213572
0.726484 2.547417

1.889394 0.221211
1.864143 0.271715
0.40823 3.18354
0.40823 3.18354
0.155961 3.688079
0.155961 3.688079
0.155961 3.688079
0.426304 3.147391
0.426304 3.147391
0.336518 3.326963
0.336518 3.326963
0.889824 2.220351
0.89778 2.20444
0.626611 2.746778
0.626611 2.746778
0.626611 2.746778
0.63011 2.73978
0.509943 2.980114
1.824713 0.350575
1.673865 0.65227
1.818807 0.362387
0.526953 2.946094
0.526953 2.946094
0.655049 2.689902
0.531288 2.937424
0.531288 2.937424
0.531288 2.937424
0.531288 2.937424
1.403591 1.192819
1.807817 0.384365
1.807817 0.384365
1.807817 0.384365
1.807817 0.384365
1.381957 1.236087
1.679621 0.640758
0.766316 2.467369
1.614382 0.771236
1.614382 0.771236
0.30287 3.394259
0.842249 2.315502
0.841544 2.316912
0.841544 2.316912
0.841544 2.316912
1.228668 1.542665
1.219189 1.561622
1.520978 0.958044
1.520978 0.958044
1.59371 0.81258
1.59371 0.81258
1.586569 0.826862
1.586569 0.826862
1.586569 0.826862
1.586569 0.826862
1.424976 1.150049
0.786573 2.426854
1.430637 1.138725
0.285875 3.42825
0.285875 3.42825
1.046862 1.906275
0.791877 2.416246
0.791877 2.416246
0.284453 3.431095
0.284453 3.431095
0.798025 2.403951
0.797199 2.405603
0.797199 2.405603
1.357086 1.285829
1.050992 1.898015
1.354441 1.291118
1.440274 1.119453
1.200841 1.598318
1.011091 1.977818
1.054995 1.890009
0.956098 2.087804
1.473105 1.053789
1.311907 1.376186
1.056875 1.88625
1.197507 1.604987
0.958109 2.083781
0.958109 2.083781
0.958109 2.083781
1.462214 1.075571
1.462214 1.075571
1.190148 1.619704
1.190148 1.619704
0.964015 2.07197
0.964015 2.07197
1.120834 1.758332
1.067873 1.864255
1.131865 1.73627
0.980683 2.038634
0.699138 2.601725
0.699138 2.601725
1.456347 1.087306
1.456347 1.087306
1.456347 1.087306
1.456347 1.087306
1.498023 1.003954
1.498023 1.003954
1.498023 1.003954

0.108551 3.782899
0.315711 3.368577
0.315711 3.368577
0.315711 3.368577
0.315711 3.368577
0.315711 3.368577
0.431717 3.136565
0.431717 3.136565
0.431717 3.136565
1.730361 0.539279
1.58241 0.835179
1.58241 0.835179
1.789582 0.420837
1.789582 0.420837
1.649859 0.700282
1.649859 0.700282
1.823462 0.353076
1.823462 0.353076
1.823462 0.353076
1.823462 0.353076
1.823462 0.353076
1.823462 0.353076
1.677765 0.64447
1.677765 0.64447
1.677765 0.64447
1.676119 0.647762
1.676119 0.647762
1.40225 1.195499
1.432816 1.134368
0.685211 2.629578
1.385537 1.228926
1.385537 1.228926
0.764423 2.471153
1.53758 0.92484
1.542385 0.91523
1.542385 0.91523
1.542385 0.91523
1.542385 0.91523
0.923288 2.153424
0.89248 2.215039
0.89248 2.215039
1.446889 1.106223
1.446889 1.106223
1.36914 1.26172
1.36914 1.26172
1.346405 1.307189
1.292474 1.415052
1.292474 1.415052
1.357109 1.285781
1.297528 1.404943
1.297528 1.404943
1.297528 1.404943
1.330476 1.339048
1.331381 1.337238
1.331381 1.337238
0.590217 2.819566
0.584523 2.830953
1.197333 1.605334
0.584904 2.830192
0.584904 2.830192
0.584904 2.830192
0.584904 2.830192
0.739591 2.520817
1.49401 1.01198
0.738312 2.523375
0.539477 2.921047
1.191243 1.617514
0.704232 2.591535
0.638705 2.72259
0.638705 2.72259
0.638705 2.72259
0.638705 2.72259
1.18928 1.62144
1.18928 1.62144
0.632713 2.734573
0.632713 2.734573
0.632713 2.734573
1.250388 1.499224
0.730444 2.539111
1.462992 1.074015
1.485084 1.029832
1.485084 1.029832
1.177624 1.644752
1.024361 1.951279
1.472316 1.055367
1.482689 1.034622
0.875227 2.249546
0.942132 2.115736
0.942132 2.115736
0.789852 2.420296
0.789852 2.420296
0.789852 2.420296
0.789852 2.420296
0.830779 2.338441
0.519172 2.961656
1.480568 1.038864
1.479907 1.040187
0.873895 2.252209
1.033245 1.933511
1.033245 1.933511

0.089886 3.820228
1.408253 1.183495
1.406754 1.186492
1.379274 1.241451
0.134972 3.730056
0.369898 3.260204
1.780511 0.438977
1.718828 0.562344
1.46003 1.07994
1.172182 1.655636
1.770015 0.459971
1.770015 0.459971
1.770015 0.459971
1.770015 0.459971
1.770015 0.459971
1.142511 1.714978
1.3252 1.3496
1.313981 1.372037
0.450057 3.099887
0.450057 3.099887
1.196208 1.607584
0.775431 2.449138
1.302086 1.395828
0.522623 2.954754
0.522623 2.954754
0.460243 3.079515
1.29992 1.400159
0.480528 3.038943
0.466585 3.066831
0.466585 3.066831
0.768173 2.463655
0.768173 2.463655
1.111357 1.777286
0.473045 3.05391
1.564014 0.871971
0.543125 2.913749
0.543125 2.913749
0.852652 2.294696
0.852652 2.294696
1.586961 0.826078
1.102642 1.794715
0.931955 2.136089
1.589708 0.820583
0.935167 2.129665
0.584764 2.830472
0.67929 2.64142
0.67929 2.64142
0.67929 2.64142
0.594158 2.811684
1.55065 0.8987
0.857895 2.28421
1.656985 0.686029
1.656985 0.686029
0.85834 2.283321
0.903901 2.192198
0.903901 2.192198
0.903901 2.192198
0.903901 2.192198
0.566853 2.866295
0.566853 2.866295
0.566853 2.866295
0.566853 2.866295
0.861202 2.277595
0.886344 2.227312
0.947281 2.105438
0.947281 2.105438
0.874302 2.251395
1.045944 1.908113
1.266348 1.467304
1.266348 1.467304
1.603481 0.793037
1.603481 0.793037
1.011737 1.976526
1.606164 0.787671
1.608711 0.782577
1.03689 1.92622
1.03689 1.92622
1.03689 1.92622
1.03689 1.92622
1.03689 1.92622
1.516779 0.966442
1.516779 0.966442
1.516779 0.966442
1.516779 0.966442
1.538083 0.923834
1.538083 0.923834
1.538083 0.923834
0.659302 2.681396
0.659302 2.681396
1.006775 1.986451
1.006775 1.986451
0.650949 2.698102
0.61847 2.763059
0.61847 2.763059
0.61847 2.763059
0.61847 2.763059
0.649015 2.70197
0.649015 2.70197
1.260283 1.479435
1.260283 1.479435

1.763066 0.473869
1.763066 0.473869
1.625074 0.749853
1.625074 0.749853
1.625074 0.749853
0.103201 3.793599
0.285584 3.428833
0.285584 3.428833
0.285584 3.428833
0.866589 2.266823
0.475557 3.048886
0.718637 2.562727
0.872457 2.255085
0.728463 2.543073
0.728463 2.543073
1.468206 1.063588
0.495481 3.009038
0.501262 2.997475
0.501262 2.997475
0.512787 2.974426
0.186648 3.626704
0.186648 3.626704
0.81378 2.372439
0.427454 3.145091
0.427454 3.145091
0.427454 3.145091
0.427454 3.145091
0.544674 2.910651
0.544674 2.910651
0.541095 2.91781
0.541095 2.91781
0.389363 3.221273
0.389363 3.221273
0.134291 3.731417
0.134291 3.731417
0.401117 3.197765
0.401117 3.197765
0.892571 2.214857
1.155556 1.688889
0.897911 2.204178
0.897911 2.204178
1.046709 1.906582
1.046601 1.906797
0.933941 2.132118
1.170949 1.658102
1.170949 1.658102
0.961145 2.07771
0.961145 2.07771
1.042331 1.915338
1.042331 1.915338
0.928424 2.143152
0.928424 2.143152
0.587303 2.825394
0.587303 2.825394
0.918333 2.163334
0.918333 2.163334
0.634609 2.730781
0.637918 2.724165
0.637918 2.724165
1.125484 1.749032
1.125484 1.749032
1.183067 1.633865
1.184526 1.630948
1.184526 1.630948
0.764161 2.471677
0.764161 2.471677
0.663485 2.67303
0.663485 2.67303
0.663485 2.67303
0.663485 2.67303
0.663357 2.673285
0.663357 2.673285
0.597157 2.805686
0.597157 2.805686
0.767206 2.465588
0.767206 2.465588
1.119097 1.761806
1.119097 1.761806
1.206277 1.587446
1.116408 1.767184
0.795847 2.408305
0.795847 2.408305
0.795847 2.408305
0.795847 2.408305
1.108745 1.782511
1.253253 1.493494
0.161785 3.676429
0.161785 3.676429
0.161785 3.676429
0.161785 3.676429
0.161785 3.676429
0.161785 3.676429
1.21062 1.578759
1.21062 1.578759
1.21068 1.57864
1.100978 1.798044
0.779376 2.441249
0.779376 2.441249
0.608926 2.782147
0.608926 2.782147

1.564308 0.871385
1.564308 0.871385
0.51036 2.979281
0.815507 2.368986
0.25204 3.495921
0.477454 3.045093
0.810752 2.378497
0.810431 2.379138
0.664988 2.670025
0.463021 3.073958
0.463021 3.073958
0.463021 3.073958
0.445253 3.109495
0.450657 3.098687
0.171293 3.657415
1.014563 1.970876
1.014563 1.970876
1.251056 1.49789
0.877188 2.245626
0.406402 3.187197
0.647431 2.705139
1.483522 1.032958
1.483522 1.032958
0.210332 3.579337
1.687075 0.625852
1.687075 0.625852
1.135971 1.728059
0.882482 2.235037
0.994599 2.010803
1.35509 1.28982
0.955759 2.088482
0.955759 2.088482
1.60057 0.798862
0.698563 2.602875
1.359241 1.281519
1.359241 1.281519
1.359241 1.281519
1.669062 0.661877
1.669062 0.661877
0.990077 2.019846
1.474176 1.051649
1.474176 1.051649
1.474176 1.051649
0.986531 2.026939
0.986531 2.026939
0.986531 2.026939
1.680643 0.638714
1.680643 0.638714
1.680643 0.638714
1.680643 0.638714
1.198319 1.603364
0.276199 3.447603
0.336621 3.326759
0.335468 3.329066
1.334824 1.330352
1.20397 1.592061
1.061677 1.876647
1.061677 1.876647
1.327637 1.344728
1.327637 1.344728
1.226169 1.547664
1.226659 1.546683
1.226659 1.546683
1.226659 1.546683
1.226659 1.546683
1.610415 0.779172
1.610415 0.779172
1.610415 0.779172
1.610415 0.779172
1.610415 0.779172
1.610415 0.779172
1.450305 1.09939
1.450305 1.09939
1.282243 1.435514
0.893916 2.212168
0.893916 2.212168
0.8949 2.210202
0.554152 2.891697
0.554152 2.891697
0.554152 2.891697
1.396447 1.207107
0.189374 3.621253
0.189374 3.621253
0.189374 3.621253
0.189374 3.621253
0.189374 3.621253
0.189374 3.621253
0.189374 3.621253
1.187588 1.624824
0.577423 2.845156
1.397474 1.205053
0.596729 2.806543
0.596729 2.806543
0.712721 2.574558
0.712721 2.574558
0.560127 2.879747
0.598309 2.803384
0.625983 2.748035
0.599265 2.80147
0.914184 2.171633

1.577404 0.845192
1.529875 0.940249
1.529875 0.940249
1.529875 0.940249
0.977607 2.044786
0.993296 2.013407
1.182999 1.634002
1.003191 1.993618
1.16451 1.67098
1.306357 1.387287
1.23163 1.53674
0.400967 3.198065
1.244968 1.510064
1.144098 1.711805
1.24549 1.509021
1.24549 1.509021
1.24549 1.509021
1.24549 1.509021
0.637721 2.724559
1.137039 1.725922
0.923181 2.153639
1.044908 1.910184
1.458326 1.083349
1.458326 1.083349
1.458326 1.083349
0.378459 3.243082
0.378459 3.243082
0.378459 3.243082
0.619317 2.761366
1.05032 1.899359
1.05032 1.899359
1.05032 1.899359
1.053036 1.893928
0.616153 2.767693
0.616153 2.767693
1.338939 1.322121
1.338939 1.322121
1.338939 1.322121
1.338939 1.322121
1.342583 1.314834
0.911487 2.177027
0.911487 2.177027
0.911487 2.177027
0.909853 2.180294
0.188723 3.622555
0.880955 2.23809
1.375704 1.248592
0.867693 2.264614
0.884673 2.230654
1.106171 1.787659
0.865163 2.269674
0.597834 2.804333
1.438814 1.122372
1.438814 1.122372
0.324786 3.350428
0.593641 2.812718
0.592337 2.815326
1.427346 1.145307
1.427346 1.145307
1.101231 1.797539
1.101231 1.797539
1.101231 1.797539
1.101231 1.797539
1.101231 1.797539
0.347091 3.305817
0.349361 3.301278
0.349361 3.301278
0.349361 3.301278
0.160942 3.678117
0.313384 3.373231
0.152698 3.694605
0.152698 3.694605
0.152698 3.694605
0.152698 3.694605
0.152698 3.694605
0.152698 3.694605
0.5267 2.946599
0.528166 2.943669
0.681565 2.636871
0.845584 2.308831
1.393838 1.212324
1.393838 1.212324
0.308807 3.382385
0.308807 3.382385
0.308807 3.382385
0.843228 2.313543
0.802431 2.395138
0.515206 2.969589
0.51488 2.97024
0.513022 2.973957
0.21203 3.57594
0.21203 3.57594
0.21203 3.57594
0.21203 3.57594
0.21203 3.57594
0.21203 3.57594
0.797116 2.405769
0.828755 2.34249
0.828755 2.34249
0.828755 2.34249

0.154986 3.690028
0.208842 3.582316
1.565919 0.868161
1.03204 1.93592
1.03204 1.93592
1.085491 1.829018
0.280358 3.439283
1.726509 0.546982
1.726509 0.546982
1.558553 0.882893
1.011169 1.977662
1.011169 1.977662
1.011169 1.977662
1.397419 1.205162
0.994113 2.011774
0.394323 3.211353
0.907167 2.185666
0.767138 2.465725
0.769221 2.461558
1.716882 0.566237
1.716882 0.566237
0.442314 3.115372
0.742205 2.51559
0.742205 2.51559
0.387178 3.225643
0.387178 3.225643
0.387178 3.225643
0.734552 2.530896
0.717541 2.564919
0.713806 2.572387
0.726149 2.547703
0.849651 2.300698
1.102948 1.794104
0.297303 3.405394
0.539231 2.921539
0.539231 2.921539
0.539231 2.921539
1.322486 1.355029
1.107289 1.785422
1.11199 1.776019
0.357663 3.284674
1.312647 1.374705
1.440326 1.119348
1.440326 1.119348
1.440326 1.119348
0.842011 2.315978
0.842011 2.315978
0.456422 3.087155
0.456422 3.087155
0.456422 3.087155
1.443261 1.113477
0.677084 2.645833
0.677084 2.645833
1.297435 1.405131
1.297435 1.405131
1.297435 1.405131
1.297435 1.405131
1.297435 1.405131
1.297435 1.405131
0.462595 3.07481
0.63254 2.734921
0.92691 2.14618
0.614292 2.771416
0.35065 3.2987
0.35065 3.2987
0.35065 3.2987
1.176267 1.647467
1.452849 1.094302
1.452849 1.094302
1.171909 1.656181
1.171909 1.656181
1.367726 1.264548
1.367726 1.264548
0.9505 2.099
0.930377 2.139246
0.480963 3.038073
0.480963 3.038073
1.473821 1.052358
1.473821 1.052358
1.125817 1.748366
1.125817 1.748366
0.668963 2.662074
0.668605 2.66279
0.668605 2.66279
0.641559 2.716883
0.641559 2.716883
1.486841 1.026318
1.525756 0.948488
1.525756 0.948488
0.571565 2.85687
1.363641 1.272719
1.488584 1.022832
1.488584 1.022832
1.488584 1.022832
1.488584 1.022832
0.313119 3.373762
0.935001 2.129998
1.359398 1.281204
0.646993 2.706015
1.356564 1.286873

0.168458 3.663084
0.168458 3.663084
0.173675 3.652651
0.173675 3.652651
0.487749 3.024501
0.255673 3.488654
0.255673 3.488654
0.460103 3.079795
0.44357 3.11286
0.44357 3.11286
0.758898 2.482204
0.88088 2.238239
0.394709 3.210583
0.392695 3.214611
0.530354 2.939292
0.377693 3.244615
0.936535 2.126931
0.936535 2.126931
0.37292 3.254161
0.949198 2.101604
0.949198 2.101604
0.949198 2.101604
0.311899 3.376203
0.311899 3.376203
0.347929 3.304142
0.802305 2.395389
1.437205 1.12559
0.320012 3.359976
0.324015 3.351971
0.324015 3.351971
0.860484 2.279032
0.858523 2.282955
0.858523 2.282955
1.133562 1.732877
1.131583 1.736835
0.991823 2.016355
0.809524 2.380952
1.155229 1.689542
1.155229 1.689542
1.15168 1.69664
1.111329 1.777343
0.717288 2.565425
0.717288 2.565425
0.717288 2.565425
0.717288 2.565425
1.104873 1.790255
1.104873 1.790255
0.999469 2.001063
0.999469 2.001063
1.542923 0.914155
1.542923 0.914155
0.646984 2.706032
0.647406 2.705188
0.647406 2.705188
0.82187 2.356261
1.675731 0.648538
1.675731 0.648538
1.069647 1.860706
1.068548 1.862904
0.824567 2.350866
0.824567 2.350866
0.824567 2.350866
0.651183 2.697635
0.654766 2.690469
0.686063 2.627875
1.5286 0.9428
0.679896 2.640208
0.679896 2.640208
1.402352 1.195297
1.681022 0.637956
1.681022 0.637956
1.681022 0.637956
1.061892 1.876216
1.061797 1.876407
0.676358 2.647283
1.344494 1.311013
1.327607 1.344785
1.346164 1.307672
1.346164 1.307672
1.579616 0.840769
1.579616 0.840769
1.579616 0.840769
1.580383 0.839233
1.580383 0.839233
1.731988 0.536024
1.396461 1.207077
1.396461 1.207077
1.315561 1.368878
1.315561 1.368878
1.041088 1.917824
1.30909 1.38182
1.28113 1.43774
1.0305 1.939
1.0305 1.939
1.0305 1.939
1.0305 1.939
1.0305 1.939
1.294424 1.411152
1.294424 1.411152
1.29387 1.41226

0.295716 3.408608
0.295716 3.408608
0.461149 3.077743
0.161517 3.677007
0.161517 3.677007
0.161517 3.677007
0.161517 3.677007
0.176775 3.64649
0.176775 3.64649
0.176775 3.64649
0.176775 3.64649
0.476159 3.047722
1.636007 0.728027
1.500754 0.998532
0.884508 2.231024
1.487678 1.024684
1.483055 1.033931
0.994981 2.010078
0.895007 2.210026
0.896388 2.207264
0.352196 3.295649
0.352196 3.295649
0.900175 2.199691
1.430832 1.138376
0.500661 2.998717
1.200564 1.598911
0.630603 2.738835
0.630603 2.738835
0.630603 2.738835
1.407612 1.184816
1.407441 1.185158
0.988668 2.022704
1.444697 1.110647
1.444697 1.110647
1.444697 1.110647
1.444697 1.110647
1.188132 1.623776
1.188132 1.623776
1.188132 1.623776
0.834546 2.330949
0.659656 2.680729
0.660023 2.679995
0.402242 3.195556
0.402242 3.195556
1.049937 1.900166
1.049951 1.900139
0.737885 2.524271
0.667036 2.665969
0.746138 2.507765
1.217926 1.564188
1.055814 1.888411
1.055814 1.888411
1.293927 1.412186
1.074859 1.850323
0.925911 2.148218
1.068504 1.863033
1.611878 0.776284
1.611878 0.776284
1.611878 0.776284
1.611878 0.776284
1.071371 1.857298
1.071371 1.857298
0.515758 2.968525
1.117619 1.764802
1.533454 0.933133
1.599539 0.800961
1.592134 0.815773
0.931732 2.136577
1.58107 0.837901
0.522153 2.955734
0.522153 2.955734
0.522153 2.955734
1.537992 0.924057
0.524793 2.950455
0.524793 2.950455
1.153772 1.692496
1.335906 1.328228
1.335906 1.328228
1.335906 1.328228
1.335906 1.328228
1.124849 1.750343
0.936851 2.126337
0.381458 3.237124
0.381458 3.237124
0.381458 3.237124
0.381458 3.237124
0.381458 3.237124
0.381458 3.237124
1.149704 1.700633
1.149704 1.700633
1.149704 1.700633
1.345946 1.308148
1.345946 1.308148
1.372139 1.255761
1.372139 1.255761
1.372139 1.255761
1.372139 1.255761
1.372139 1.255761
1.367545 1.264951
1.282525 1.434991

1.649458 0.701084
1.649458 0.701084
0.350915 3.298169
1.494712 1.010575
1.494712 1.010575
1.494712 1.010575
0.87413 2.25174
1.486637 1.026725
1.486637 1.026725
1.338679 1.322642
1.432368 1.135263
1.432368 1.135263
1.697397 0.605206
0.842636 2.314729
0.842636 2.314729
0.327396 3.345209
0.837674 2.324652
0.902827 2.194346
0.406053 3.187894
0.406053 3.187894
0.406053 3.187894
0.433476 3.133048
0.416448 3.167105
0.416448 3.167105
0.423287 3.153427
1.709082 0.581837
1.411373 1.177253
0.537179 2.925642
1.309792 1.380415
1.367543 1.264915
0.679433 2.641134
0.679433 2.641134
1.370246 1.259508
1.370246 1.259508
1.370246 1.259508
0.612282 2.775436
0.509739 2.980522
1.244546 1.510908
1.398222 1.203557
1.398222 1.203557
1.398222 1.203557
0.918991 2.162018
0.919081 2.161837
1.239655 1.520691
0.60956 2.78088
0.60956 2.78088
0.60956 2.78088
0.986911 2.026178
0.986798 2.026404
1.747327 0.505346
1.747327 0.505346
0.997586 2.004828
0.997586 2.004828
0.304814 3.390371
0.98174 2.03652
1.232219 1.535562
0.800866 2.398269
0.800866 2.398269
0.800866 2.398269
0.800866 2.398269
0.663401 2.673199
0.663401 2.673199
0.666565 2.66687
0.666565 2.66687
0.666565 2.66687
0.666565 2.66687
1.735768 0.528464
1.735768 0.528464
0.487468 3.025064
0.487468 3.025064
0.487468 3.025064
0.487468 3.025064
0.490233 3.019535
0.490233 3.019535
0.490233 3.019535
1.112736 1.774528
1.741692 0.516616
1.741692 0.516616
1.741692 0.516616
1.741692 0.516616
0.551272 2.897456
1.22591 1.548181
1.066421 1.867158
1.163869 1.672262
0.940026 2.119947
0.940026 2.119947
1.215222 1.569556
1.10505 1.789901
0.294801 3.410398
0.294801 3.410398
1.173876 1.652247
1.173876 1.652247
1.212956 1.574088
1.212956 1.574088
1.271918 1.456164
1.208564 1.582872
1.103203 1.793595
0.558962 2.882076
0.558962 2.882076
1.073461 1.853079

1.517978 0.964044
0.26461 3.47078
1.50516 0.98968
1.766166 0.467669
1.766166 0.467669
1.766166 0.467669
0.49731 3.00538
0.471318 3.057364
0.283069 3.433861
0.683152 2.633695
0.680993 2.638014
1.795843 0.408315
1.848771 0.302458
1.848771 0.302458
1.848771 0.302458
1.848771 0.302458
1.848771 0.302458
0.673174 2.653652
0.740035 2.51993
0.740035 2.51993
1.802901 0.394198
0.532037 2.935925
0.894402 2.211197
0.744612 2.510776
1.820255 0.359491
1.142514 1.714973
0.875704 2.248591
0.539274 2.921453
1.058525 1.88295
1.058525 1.88295
0.762511 2.474979
0.762511 2.474979
0.873403 2.253194
0.353617 3.292767
0.872499 2.255002
1.062485 1.875029
0.862876 2.274248
0.447118 3.105765
0.447118 3.105765
0.447118 3.105765
1.380161 1.239678
1.380161 1.239678
1.067997 1.864006
0.842882 2.314237
1.026196 1.947609
0.847445 2.30511
1.45877 1.08246
1.192185 1.615631
1.192185 1.615631
1.192185 1.615631
1.192185 1.615631
0.825575 2.348849
0.825575 2.348849
0.825575 2.348849
1.196157 1.607686
1.201175 1.597649
0.789969 2.420063
0.789969 2.420063
0.789969 2.420063
0.789969 2.420063
1.075858 1.848283
1.129173 1.741654
0.978095 2.043811
0.312524 3.374953
0.312524 3.374953
0.312524 3.374953
0.312524 3.374953
0.312524 3.374953
0.312524 3.374953
1.452948 1.094104
1.125129 1.749741
0.646797 2.706406
0.646797 2.706406
1.011413 1.977175
0.961728 2.076544
1.410305 1.179391
1.401264 1.197471
1.401264 1.197471
1.402442 1.195116
1.402534 1.194931
1.341758 1.316483
1.341758 1.316483
1.341758 1.316483
0.555904 2.888191
1.005441 1.989119
1.005441 1.989119
1.005441 1.989119
0.993497 2.013007
0.993497 2.013007
1.64893 0.70214
1.64893 0.70214
1.64893 0.70214
0.996512 2.006976
1.66261 0.67478
1.66261 0.67478
1.66261 0.67478
1.66261 0.67478
1.43314 1.13372
1.105275 1.789451
1.105275 1.789451

0.327991 3.344018
0.373118 3.253763
0.564672 2.870656
0.383745 3.23251
0.759944 2.480111
0.398303 3.203395
0.398303 3.203395
0.415171 3.169659
0.545927 2.908146
0.456244 3.087511
0.462816 3.074368
0.462816 3.074368
0.540117 2.919766
1.310479 1.379042
0.53183 2.93634
0.898963 2.202073
0.900674 2.198652
0.803601 2.392799
0.882756 2.234488
0.653669 2.692662
0.805076 2.389849
0.514403 2.971194
0.514403 2.971194
0.514403 2.971194
0.161165 3.677669
0.161165 3.677669
1.745206 0.509588
1.773338 0.453324
1.145895 1.70821
1.145895 1.70821
0.915016 2.169967
0.915016 2.169967
1.106949 1.786102
1.098441 1.803117
1.098441 1.803117
1.098441 1.803117
1.784628 0.430744
1.784628 0.430744
1.431348 1.137304
1.085021 1.829958
0.666665 2.66667
1.077379 1.845242
0.838739 2.322522
0.838739 2.322522
0.831037 2.337925
0.831037 2.337925
0.831037 2.337925
0.831037 2.337925
1.612342 0.775315
1.612342 0.775315
1.85057 0.298859
1.164329 1.671343
0.711686 2.576628
0.711686 2.576628
0.711686 2.576628
0.711686 2.576628
1.671166 0.657669
0.705432 2.589135
1.004871 1.990259
0.673353 2.653294
0.673353 2.653294
1.336647 1.326705
0.680288 2.639423
0.680288 2.639423
1.001891 1.996218
1.001891 1.996218
1.049621 1.900758
1.554351 0.891298
1.205727 1.588546
1.205727 1.588546
1.716285 0.567431
1.716105 0.56779
1.342613 1.314774
1.236109 1.527782
0.993896 2.012209
1.042313 1.915374
1.042313 1.915374
1.042313 1.915374
1.042313 1.915374
1.042313 1.915374
1.042313 1.915374
1.258393 1.483213
1.59631 0.807379
1.596116 0.807768
1.596116 0.807768
1.477994 1.044012
1.477994 1.044012
1.477994 1.044012
1.477994 1.044012
0.955996 2.088007
0.955996 2.088007
1.2578 1.484401
1.2578 1.484401
1.457589 1.084823
1.457589 1.084823
1.457589 1.084823
1.457589 1.084823
1.240172 1.519656
1.240172 1.519656
1.708759 0.582482

1.910508 0.17899
1.877123 0.24576
1.877123 0.24576
0.891516 2.216974
0.910952 2.178102
0.419169 3.161666
1.511851 0.976303
0.272188 3.455629
0.272188 3.455629
1.072377 1.855251
1.072377 1.855251
0.371725 3.256556
0.371693 3.256619
1.788878 0.422249
1.814942 0.370122
1.814942 0.370122
1.814942 0.370122
1.814942 0.370122
0.512663 2.974679
1.053261 1.893484
0.508187 2.983631
0.655518 2.68897
1.529031 0.941944
1.243139 1.513727
1.747939 0.504127
0.616826 2.766353
0.616826 2.766353
0.675132 2.649741
1.249411 1.501184
1.249411 1.501184
0.680828 2.63835
0.6815 2.637005
1.129743 1.740519
1.03605 1.927906
1.03605 1.927906
0.468536 3.062934
0.468536 3.062934
0.468536 3.062934
0.468536 3.062934
0.468536 3.062934
0.468536 3.062934
1.740727 0.518551
1.740727 0.518551
1.740727 0.518551
1.023226 1.953553
0.694421 2.611164
0.734683 2.530639
0.734683 2.530639
0.706087 2.587831
0.706087 2.587831
0.334733 3.33054
0.335651 3.328703
0.335651 3.328703
0.335651 3.328703
0.335651 3.328703
0.335651 3.328703
1.321107 1.357792
0.966152 2.067701
1.349276 1.301453
1.349276 1.301453
1.137913 1.72418
1.137913 1.72418
0.236973 3.526059
1.713892 0.572221
1.268556 1.462894
1.268556 1.462894
0.596987 2.806032
0.596987 2.806032
0.596987 2.806032
1.30914 1.381726
0.752474 2.495058
0.752474 2.495058
0.970521 2.058964
0.970521 2.058964
1.613636 0.772734
1.703871 0.592264
1.303227 1.393552
1.303227 1.393552
1.303227 1.393552
1.699213 0.601579
1.699213 0.601579
1.286549 1.426907
1.286549 1.426907
1.674085 0.651834
1.687719 0.624567
1.414119 1.171767
1.414119 1.171767
1.414119 1.171767
0.975975 2.048056
0.998037 2.003931
0.998037 2.003931
0.998037 2.003931
1.679491 0.641023
1.679491 0.641023
0.978348 2.043309
0.985356 2.029293
1.36337 1.273266
0.770456 2.459093
0.770456 2.459093
1.601887 0.796232

1.698415 0.60317
1.698415 0.60317
1.64987 0.700261
1.393482 1.213035
1.393482 1.213035
1.637821 0.724358
0.224651 3.550698
0.224651 3.550698
0.224651 3.550698
0.112757 3.774487
0.112757 3.774487
0.112757 3.774487
0.112757 3.774487
0.112757 3.774487
0.112757 3.774487
0.112757 3.774487
0.700252 2.599496
0.941887 2.116225
1.62576 0.74848
0.923967 2.152067
1.2644 1.4712
1.223389 1.553222
0.420748 3.158503
0.420748 3.158503
1.368693 1.262615
0.683867 2.632265
0.683867 2.632265
0.683867 2.632265
1.457763 1.084474
0.964193 2.071615
1.272494 1.455013
1.272494 1.455013
1.357344 1.285312
0.261054 3.477893
1.210718 1.578564
1.210718 1.578564
1.521918 0.956165
0.658893 2.682215
0.552145 2.89571
0.65379 2.692419
0.639208 2.721584
0.532359 2.935282
0.532359 2.935282
0.759276 2.481449
0.759276 2.481449
0.759276 2.481449
0.277206 3.445588
0.404369 3.191263
0.404369 3.191263
0.629918 2.740163
0.286017 3.427966
0.286017 3.427966
0.286017 3.427966
0.286017 3.427966
0.284786 3.430428
0.567876 2.864249
0.567876 2.864249
0.621571 2.756859
0.621571 2.756859
1.196756 1.606489
0.607533 2.784935
0.579008 2.841984
0.391144 3.217711
0.391144 3.217711
0.596831 2.806339
1.051102 1.897795
1.058535 1.88293
0.585688 2.828625
0.585688 2.828625
0.895434 2.209133
0.895434 2.209133
0.986756 2.026487
0.986756 2.026487
1.069076 1.861849
0.819467 2.361066
1.069772 1.860456
0.803343 2.393314
0.336526 3.326948
0.80249 2.39502
0.777637 2.444726
0.779093 2.441813
1.590837 0.818326
1.590837 0.818326
1.08809 1.82382
1.08809 1.82382
0.791758 2.416484
1.075754 1.848493
0.790783 2.418435
1.477718 1.044564
0.831688 2.336624
0.831688 2.336624
0.831688 2.336624
0.831688 2.336624
1.078772 1.842457
0.787565 2.42487
0.511279 2.977442
0.511279 2.977442
0.992759 2.014483
0.992759 2.014483
0.997346 2.005309

0.420851 3.158298
0.420851 3.158298
1.854409 0.291182
1.854409 0.291182
1.854409 0.291182
1.840882 0.318236
1.492073 1.015854
1.492073 1.015854
1.468906 1.062188
1.694704 0.610591
1.70001 0.599981
1.70001 0.599981
1.548097 0.903805
1.784073 0.431855
1.452412 1.095176
1.452412 1.095176
1.771334 0.457331
0.475658 3.048684
1.267132 1.465735
1.428916 1.142168
1.746842 0.506316
1.651946 0.696108
1.756782 0.486435
1.756782 0.486435
1.756782 0.486435
1.416027 1.167946
1.168077 1.663845
0.349869 3.300262
0.349869 3.300262
0.349869 3.300262
1.315482 1.369037
0.959021 2.081958
0.959021 2.081958
0.948312 2.103375
0.96196 2.076081
0.92482 2.15036
1.129052 1.741897
1.127815 1.744371
1.127815 1.744371
1.112338 1.775324
1.112338 1.775324
1.247034 1.505932
0.5206 2.958799
0.5206 2.958799
1.576528 0.846944
1.576528 0.846944
1.000272 1.999456
1.000272 1.999456
1.081732 1.836535
1.081732 1.836535
1.081732 1.836535
1.081732 1.836535
0.768664 2.462673
0.517621 2.964759
0.517621 2.964759
0.517621 2.964759
0.517621 2.964759
0.517621 2.964759
0.517621 2.964759
0.316635 3.36673
0.316635 3.36673
0.316635 3.36673
0.316635 3.36673
1.33386 1.332279
1.189968 1.620065
0.713921 2.572158
0.713921 2.572158
0.901498 2.197004
1.061998 1.876003
0.840134 2.319731
0.835657 2.328686
0.294851 3.410298
0.294851 3.410298
0.625805 2.74839
0.625805 2.74839
0.828006 2.343988
0.828006 2.343988
0.789114 2.421772
0.789114 2.421772
1.344036 1.311927
1.344036 1.311927
1.344036 1.311927
1.344171 1.311658
0.793941 2.412117
0.793941 2.412117
1.593128 0.813744
0.631115 2.73777
0.891265 2.217471
0.891265 2.217471
0.891265 2.217471
0.891265 2.217471
0.864241 2.271518
0.864241 2.271518
0.864241 2.271518
0.864241 2.271518
0.725677 2.548647
0.725677 2.548647
1.358424 1.283152
1.374769 1.250463
1.374769 1.250463

1.832811 0.334378
0.15075 3.698499
0.15075 3.698499
1.678402 0.643196
0.175704 3.648593
1.703214 0.593572
1.703214 0.593572
1.729155 0.54169
0.736028 2.527944
1.77141 0.45718
1.77141 0.45718
1.77141 0.45718
1.77141 0.45718
1.77141 0.45718
0.780412 2.439176
0.591057 2.817887
0.590746 2.818508
1.072466 1.855068
1.072466 1.855068
0.788812 2.422376
1.601521 0.796959
1.601521 0.796959
1.601521 0.796959
1.102857 1.794286
0.584437 2.831126
1.252705 1.49459
0.229823 3.540354
0.229823 3.540354
0.229823 3.540354
0.229823 3.540354
0.229823 3.540354
0.229823 3.540354
1.225013 1.549974
1.224765 1.55047
1.192488 1.615025
1.208119 1.583761
1.208119 1.583761
1.267262 1.465475
1.267262 1.465475
1.593157 0.813687
0.882141 2.235718
0.882141 2.235718
1.286822 1.426356
0.63019 2.73962
0.63019 2.73962
0.973032 2.053936
1.508791 0.982417
1.508791 0.982417
1.574816 0.850368
0.558731 2.882538
1.130879 1.738242
1.15792 1.68416
0.967437 2.065126
0.815303 2.369394
1.050439 1.899122
1.137469 1.725063
1.137469 1.725063
1.137469 1.725063
0.814127 2.371747
0.814127 2.371747
0.814127 2.371747
0.814127 2.371747
0.814127 2.371747
1.152266 1.695468
1.152266 1.695468
0.549861 2.900279
0.549861 2.900279
1.395965 1.20807
0.42232 3.15536
1.473075 1.053851
1.473075 1.053851
0.896754 2.206492
1.393012 1.213976
1.393012 1.213976
1.380957 1.238086
1.308389 1.383222
0.392458 3.215085
0.392458 3.215085
0.392458 3.215085
0.392458 3.215085
0.392458 3.215085
0.998981 2.002038
1.467392 1.065216
1.467392 1.065216
1.467392 1.065216
0.411008 3.177983
0.411008 3.177983
1.540658 0.918685
1.540658 0.918685
1.540658 0.918685
1.540658 0.918685
1.540658 0.918685
1.540658 0.918685
1.410904 1.178193
0.444254 3.111492
0.912688 2.174624
0.912688 2.174624
1.318519 1.362962
1.318519 1.362962
0.521584 2.956832

0.174076 3.652131
0.174076 3.652131
0.771491 2.4573
1.473988 1.052306
1.473988 1.052306
1.697256 0.605769
1.697256 0.605769
1.697256 0.605769
1.697256 0.605769
0.744299 2.511683
0.27405 3.452182
0.27405 3.452182
0.97477 2.050741
0.97477 2.050741
0.607664 2.784954
0.607664 2.784954
0.957302 2.085677
0.950791 2.0987
1.137768 1.724746
0.679776 2.640731
0.930277 2.139729
0.66037 2.679542
0.66037 2.679542
0.66037 2.679542
0.658773 2.682736
0.658773 2.682736
0.932592 2.135098
0.932592 2.135098
0.932592 2.135098
0.724887 2.550508
0.594211 2.811861
0.594211 2.811861
0.727174 2.545933
0.727174 2.545933
0.727174 2.545933
0.727174 2.545933
0.422742 3.154798
0.422742 3.154798
1.115453 1.769376
1.115453 1.769376
0.533053 2.934177
0.355467 3.289348
0.355467 3.289348
0.881632 2.237019
1.160827 1.678628
1.160827 1.678628
1.165879 1.668524
0.835359 2.329565
1.17849 1.643303
1.17849 1.643303
1.292864 1.414554
1.292864 1.414554
1.292864 1.414554
1.292864 1.414554
1.201069 1.598144
1.193996 1.61229
1.193996 1.61229
1.20984 1.580602
0.236449 3.527384
0.236449 3.527384
0.236449 3.527384
0.236449 3.527384
0.236449 3.527384
0.236449 3.527384
0.236449 3.527384
0.489419 3.021444
1.270245 1.459792
1.270245 1.459792
1.270245 1.459792
1.270245 1.459792
1.231011 1.53826
1.235882 1.528519
1.235882 1.528519
1.235882 1.528519
1.225948 1.548387
1.225948 1.548387
1.609333 0.781617
1.609333 0.781617
0.551755 2.896772
0.551755 2.896772
1.425116 1.150049
1.425116 1.150049
1.425116 1.150049
1.425116 1.150049
0.554124 2.892034
0.554124 2.892034
0.554124 2.892034
0.554124 2.892034
0.554124 2.892034
1.334666 1.33095
1.334666 1.33095
1.062565 1.875151
0.399887 3.200508
0.399887 3.200508
1.375179 1.249924
1.375179 1.249924
1.413943 1.172395
1.413943 1.172395
1.358877 1.282528
1.358877 1.282528

1.641906 0.716189
1.641906 0.716189
1.801336 0.397328
1.801336 0.397328
1.801336 0.397328
1.801336 0.397328
1.801336 0.397328
1.801336 0.397328
1.801336 0.397328
1.495149 1.009701
1.495149 1.009701
1.065972 1.868056
1.600241 0.799518
1.600241 0.799518
1.59151 0.816979
1.59151 0.816979
1.59151 0.816979
1.59151 0.816979
0.278786 3.442428
0.278786 3.442428
0.278786 3.442428
0.278786 3.442428
0.245274 3.509451
0.245274 3.509451
0.245274 3.509451
0.839096 2.321809
0.206151 3.587698
0.602215 2.795571
0.602215 2.795571
0.602215 2.795571
0.594094 2.811812
0.849409 2.301182
1.453424 1.093152
1.368868 1.262265
0.196805 3.606391
1.256321 1.487358
0.64421 2.711581
1.387327 1.225347
1.030517 1.938966
0.511163 2.977674
1.112528 1.774945
1.112528 1.774945
0.566481 2.867038
0.566481 2.867038
0.566481 2.867038
0.419948 3.160104
0.419948 3.160104
0.419948 3.160104
0.758076 2.483847
0.758076 2.483847
0.755333 2.489334
0.530877 2.938245
0.531786 2.936427
0.531786 2.936427
0.531786 2.936427
1.394172 1.211656
0.495433 3.009133
0.982516 2.034968
1.341908 1.316184
1.341908 1.316184
1.341908 1.316184
1.341908 1.316184
0.96724 2.06552
0.965848 2.068304
1.289581 1.420837
0.70892 2.58216
0.70892 2.58216
0.355013 3.289974
1.399645 1.20071
0.437773 3.124454
0.167457 3.665086
0.167457 3.665086
0.167457 3.665086
0.167457 3.665086
0.167457 3.665086
0.167457 3.665086
0.167457 3.665086
0.992556 2.014888
1.021105 1.957789
0.952386 2.095228
1.404431 1.191139
1.123166 1.753667
1.018467 1.963066
1.018467 1.963066
0.998454 2.003092
1.015205 1.969589
0.736794 2.526411
0.736794 2.526411
1.165731 1.668539
0.724518 2.550963
0.724592 2.550816
1.434012 1.131976
1.434012 1.131976
1.434012 1.131976
1.164003 1.671994
1.164003 1.671994
1.007192 1.985616
0.728997 2.542006
0.396461 3.207077
0.945724 2.108551

