0.16232 3.987694
0.255657 3.968147
0.255657 3.968147
1.685932 2.155029
1.685932 2.155029
0.285794 3.959936
0.305699 3.954
0.305699 3.954
0.356496 3.936985
0.393501 3.922886
1.724413 2.029597
1.724413 2.029597
0.895699 3.577967
1.85385 1.505526
1.85385 1.505526
0.876343 3.597077
0.876343 3.597077
0.876343 3.597077
1.721476 2.039543
1.721476 2.039543
1.718054 2.051053
1.718054 2.051053
1.718054 2.051053
0.851253 3.621081
0.851253 3.621081
0.792856 3.673689
1.450432 2.756463
0.584007 3.826901
0.97 3.49967
1.445189 2.767453
1.801478 1.741379
1.801478 1.741379
1.801478 1.741379
1.480772 2.691178
1.480772 2.691178
1.481012 2.69065
1.802978 1.735159
1.802978 1.735159
0.976279 3.492683
1.847219 1.537785
1.847219 1.537785
1.847219 1.537785
1.847219 1.537785
1.081569 3.366393
0.557819 3.842479
0.557819 3.842479
1.645581 2.276359
1.645581 2.276359
1.645581 2.276359
1.645581 2.276359
1.645581 2.276359
0.552894 3.845322
1.054341 3.400752
1.212616 3.182851
1.133159 3.297846
0.463796 3.89209
0.463796 3.89209
0.463796 3.89209
1.107979 3.331878
1.107979 3.331878
1.107979 3.331878
1.543321 2.54676
1.11396 3.323895
1.11396 3.323895
1.22885 3.157857
0.470204 3.889018
1.430834 2.797123
1.430834 2.797123
1.0481 3.408457
1.343423 2.965403
1.341786 2.968366
1.341786 2.968366
1.342663 2.966779
1.342663 2.966779
0.489171 3.879662
1.195752 3.20826
1.195752 3.20826
0.991908 3.475034
1.372418 2.911827
0.650953 3.783492
1.558305 2.510004
0.518992 3.864153
0.518992 3.864153
1.559117 2.507986
1.420221 2.818669
0.995359 3.471087
0.995359 3.471087
0.515307 3.866122
1.502338 2.642945
1.502338 2.642945
1.16645 3.251106
1.16645 3.251106
1.16645 3.251106
1.184894 3.224327
1.376266 2.904555
1.376266 2.904555
1.536423 2.563385
0.762301 3.699448
0.762301 3.699448
0.762301 3.699448

1.975059 0.650729
1.975059 0.650729
1.975059 0.650729
0.159665 3.989056
0.182605 3.985152
0.182605 3.985152
1.88408 1.35237
1.96733 0.738589
1.430891 2.799463
1.302462 3.039787
1.811134 1.705083
1.407629 2.84622
1.251925 3.123507
1.398965 2.863245
1.466251 2.725332
1.393124 2.874609
1.333231 2.985989
1.333231 2.985989
1.334208 2.984245
1.474176 2.708185
0.297367 3.957583
0.297367 3.957583
1.574726 2.471541
1.574726 2.471541
1.831322 1.616522
1.36488 2.928272
1.35541 2.945802
1.870411 1.426272
1.870411 1.426272
1.870411 1.426272
1.870411 1.426272
1.482576 2.68979
1.227263 3.162384
1.860123 1.479124
0.665147 3.774989
0.67067 3.771086
1.838101 1.585443
1.838101 1.585443
1.838101 1.585443
1.838101 1.585443
1.847238 1.542377
0.676147 3.767179
1.638639 2.299407
1.930832 1.056006
0.925193 3.549487
1.797655 1.761219
1.931672 1.049842
1.931672 1.049842
1.931672 1.049842
0.92839 3.546151
1.209591 3.189482
1.209591 3.189482
0.705273 3.745798
1.190135 3.218602
1.198683 3.205898
1.194672 3.211877
1.194672 3.211877
0.748037 3.712524
0.748037 3.712524
0.727437 3.728835
0.727437 3.728835
1.937801 1.003605
1.509958 2.628185
1.94182 0.972014
1.939966 0.986725
1.791602 1.785718
1.726238 2.026939
1.726238 2.026939
1.647492 2.273972
1.647492 2.273972
1.647532 2.273856
1.647532 2.273856
1.664643 2.22346
1.664643 2.22346
1.953542 0.872927
1.65849 2.241771
1.055899 3.400629
0.785779 3.681257
1.513966 2.61895
1.513966 2.61895
1.513966 2.61895
1.51732 2.611177
1.761969 1.899996
1.761969 1.899996
1.676738 2.186815
0.951822 3.521246
1.044796 3.414304
1.788341 1.798744
0.96148 3.510747
1.547814 2.538608
1.547814 2.538608
0.955251 3.517534
0.955251 3.517534
0.955251 3.517534
1.75365 1.930533
1.545686 2.543786
1.54326 2.54967
1.54326 2.54967
1.54326 2.54967
0.833303 3.639277

1.993834 0.341123
1.993834 0.341123
1.993834 0.341123
1.993834 0.341123
0.406016 3.918228
1.9434 0.954742
1.9434 0.954742
1.9434 0.954742
1.9434 0.954742
1.9434 0.954742
0.471614 3.888795
1.927963 1.072708
1.91306 1.174633
1.907632 1.209444
0.065699 3.998986
0.070776 3.998644
0.070776 3.998644
0.233317 3.974015
0.233317 3.974015
0.078761 3.998056
0.078761 3.998056
0.696565 3.751431
0.664083 3.77489
0.715779 3.736953
0.722881 3.731488
0.207111 3.979792
0.580002 3.82983
0.570346 3.835617
0.570346 3.835617
0.570346 3.835617
0.570346 3.835617
0.198762 3.981486
0.198762 3.981486
1.366352 2.924098
1.366352 2.924098
1.312921 3.020385
1.697043 2.121161
1.697043 2.121161
1.343584 2.965982
1.343367 2.966374
1.54657 2.539928
1.680943 2.171826
1.335217 2.981049
1.335217 2.981049
1.413239 2.833593
0.772483 3.691564
1.775071 1.848166
1.703801 2.09938
0.990899 3.476846
1.26118 3.107284
1.26118 3.107284
1.26118 3.107284
1.26118 3.107284
0.897756 3.576526
0.981338 3.487667
1.892313 1.302176
1.656618 2.245334
1.246776 3.130436
1.772777 1.85695
1.667495 2.212901
0.86124 3.612232
0.796452 3.671156
0.799683 3.668348
1.664094 2.223113
1.645637 2.277398
1.645637 2.277398
1.645637 2.277398
1.645637 2.277398
0.81184 3.657662
1.891126 1.309059
1.891126 1.309059
1.030424 3.430617
1.030424 3.430617
1.131709 3.300568
0.955987 3.515697
0.953824 3.518044
0.935296 3.537869
0.935296 3.537869
0.935296 3.537869
1.602988 2.395963
1.602988 2.395963
0.845003 3.627524
0.845003 3.627524
0.845003 3.627524
1.602779 2.396521
1.512767 2.62007
1.889162 1.320357
1.888561 1.32379
1.888561 1.32379
1.561034 2.504294
1.428086 2.803672
1.16635 3.252003
1.16635 3.252003
1.207377 3.191582
1.207377 3.191582
1.20486 3.195382
1.430422 2.798905
1.430422 2.798905
1.182714 3.228288
1.182714 3.228288

1.963599 0.771018
1.785252 1.808179
0.062164 3.999136
1.947806 0.917457
1.947806 0.917457
1.947806 0.917457
1.168391 3.248907
1.185619 3.223858
1.847334 1.538636
1.145489 3.281347
1.132976 3.298669
1.126782 3.307139
1.377711 2.902513
1.369696 2.91764
1.368796 2.919329
1.388361 2.88215
1.753796 1.927382
1.573468 2.472739
1.534176 2.569578
1.855913 1.496764
0.175458 3.985761
1.577226 2.463146
1.577226 2.463146
1.748871 1.945199
1.748871 1.945199
1.748871 1.945199
1.743319 1.96503
1.3314 2.987678
1.727914 2.018717
1.727914 2.018717
1.431106 2.7973
1.432434 2.794581
1.584572 2.444217
1.520003 2.603044
1.908709 1.202123
0.726472 3.728579
0.926644 3.546819
0.923834 3.549746
0.201365 3.980884
1.445922 2.766667
1.450345 2.757395
1.450345 2.757395
0.890407 3.583724
0.552735 3.845793
0.689407 3.756591
0.581795 3.828635
1.310711 3.024034
0.564418 3.83901
0.886045 3.588043
0.886045 3.588043
1.925874 1.087073
1.925874 1.087073
0.884624 3.589443
1.680003 2.174457
0.53279 3.857018
0.383562 3.92715
0.383562 3.92715
0.314556 3.951544
0.314556 3.951544
0.314556 3.951544
0.314556 3.951544
0.972217 3.497719
0.972217 3.497719
0.972217 3.497719
1.469348 2.716866
1.469348 2.716866
0.759928 3.701838
0.759928 3.701838
0.759928 3.701838
1.475297 2.703943
0.521232 3.863319
0.51292 3.867759
0.673096 3.76839
0.501111 3.873936
1.50529 2.637011
1.267754 3.09639
1.267754 3.09639
1.267754 3.09639
0.988997 3.478865
0.40331 3.919247
0.40331 3.919247
0.620693 3.804157
0.620693 3.804157
0.666275 3.77323
0.843132 3.629133
1.914266 1.166232
1.914266 1.166232
1.300509 3.041594
1.272501 3.088595
1.684251 2.161273
0.629135 3.798613
1.501044 2.646672
0.660529 3.777264
0.418703 3.912799
0.649929 3.784602
0.643974 3.788667
0.443017 3.902097
1.496442 2.657073
1.496442 2.657073
1.496442 2.657073

1.720887 2.042067
1.720887 2.042067
1.403046 2.853223
0.560158 3.841314
0.560158 3.841314
0.588656 3.824253
0.588656 3.824253
1.547626 2.536714
1.782559 1.818194
1.782559 1.818194
1.681268 2.170057
1.374092 2.909022
1.443772 2.770789
1.55442 2.520046
0.158591 3.988434
1.555829 2.516567
0.155867 3.988861
0.441043 3.902818
1.367714 2.921017
1.367714 2.921017
1.448052 2.761842
1.448052 2.761842
0.141515 3.990988
0.433541 3.906173
0.433541 3.906173
0.433541 3.906173
0.433541 3.906173
1.561772 2.501802
1.561772 2.501802
0.377498 3.929331
0.966995 3.503252
0.962975 3.507675
1.77261 1.856691
0.338361 3.943533
0.337243 3.943915
0.336141 3.94429
1.767628 1.875593
0.95402 3.517443
0.95402 3.517443
0.230852 3.974359
0.230852 3.974359
0.230852 3.974359
1.77046 1.86488
1.77046 1.86488
1.768569 1.872042
1.768569 1.872042
1.768569 1.872042
0.947671 3.524297
1.870171 1.423253
0.255304 3.968392
1.05317 3.402477
1.179776 3.232125
0.308101 3.953417
0.769869 3.693404
1.339844 2.972217
1.339844 2.972217
1.018913 3.443925
0.677742 3.764859
0.677742 3.764859
0.743959 3.714563
0.756244 3.704636
1.8717 1.415192
1.8717 1.415192
1.8717 1.415192
1.8717 1.415192
1.8717 1.415192
1.8717 1.415192
1.8717 1.415192
1.8717 1.415192
1.8717 1.415192
0.756543 3.704392
0.756543 3.704392
0.679439 3.763636
0.679439 3.763636
1.022661 3.439481
1.022661 3.439481
1.042468 3.415628
1.029451 3.431374
1.032711 3.427456
1.038335 3.420656
0.915405 3.558224
0.722784 3.731232
0.717655 3.735186
0.284539 3.960455
0.284539 3.960455
0.284539 3.960455
1.644377 2.280313
1.644377 2.280313
0.692216 3.754322
1.657735 2.241296
0.695508 3.75189
1.173528 3.241207
1.665273 2.218836
1.665273 2.218836
1.665273 2.218836
1.665273 2.218836
1.665273 2.218836
1.621248 2.345612
1.171723 3.243817
1.641275 2.289233

1.705803 2.091533
1.839138 1.576035
1.839138 1.576035
1.035092 3.424302
1.035092 3.424302
1.694177 2.128993
0.186986 3.983383
1.094542 3.349577
1.669441 2.205762
1.780498 1.825629
1.780498 1.825629
1.780498 1.825629
1.561071 2.503107
1.560517 2.504487
1.55982 2.506224
1.588785 2.432369
1.662151 2.227673
1.129067 3.303442
1.419474 2.820161
1.419474 2.820161
1.313578 3.018384
0.239919 3.97206
1.659172 2.236537
1.273919 3.085607
1.273919 3.085607
1.254679 3.116971
1.812067 1.696841
1.812067 1.696841
1.812067 1.696841
1.812067 1.696841
1.787951 1.796256
1.787951 1.796256
1.251684 3.121781
1.251684 3.121781
1.220166 3.171282
1.541356 2.5515
1.541356 2.5515
1.141568 3.28622
1.20266 3.197909
1.655014 2.248826
1.798323 1.754354
1.148066 3.277157
1.379698 2.898024
1.379698 2.898024
1.520676 2.600652
1.33124 2.987281
1.377457 2.902283
1.377457 2.902283
1.152921 3.270335
1.441899 2.774294
1.441899 2.774294
1.893846 1.291079
1.335818 2.979099
1.335818 2.979099
1.335818 2.979099
0.74213 3.715796
1.18166 3.22906
1.18166 3.22906
1.16971 3.24641
0.71492 3.737057
1.908447 1.201987
0.28276 3.9608
0.286156 3.959826
0.286156 3.959826
0.286156 3.959826
0.705243 3.744399
1.897564 1.269048
1.897564 1.269048
1.897564 1.269048
1.897564 1.269048
1.898006 1.266404
1.898006 1.266404
0.309374 3.952853
0.309374 3.952853
0.60366 3.81469
0.616299 3.806606
0.693531 3.753131
0.494048 3.877186
0.902068 3.571557
0.902068 3.571557
0.4865 3.880997
0.438005 3.904
0.483349 3.88257
0.684342 3.759866
0.52117 3.862975
0.787705 3.678107
0.787705 3.678107
0.476219 3.886087
0.459039 3.894336
0.459039 3.894336
0.427505 3.908645
0.792452 3.674029
1.50122 2.64547
1.501042 2.645875
1.467862 2.7193
1.467862 2.7193
0.645265 3.787377
1.499927 2.648402
0.79903 3.668331
0.650089 3.784079

1.971685 0.69266
1.971685 0.69266
1.951852 0.889636
1.951852 0.889636
1.242826 3.138445
1.940773 0.981895
1.939192 0.994327
1.939192 0.994327
1.939192 0.994327
1.447019 2.766659
1.447019 2.766659
0.201272 3.981791
0.201272 3.981791
1.91656 1.156714
1.31863 3.012272
1.320279 3.009384
1.712422 2.074027
1.83856 1.584293
1.20085 3.20309
1.20085 3.20309
1.20085 3.20309
1.015087 3.450305
0.936452 3.538029
1.740171 1.979501
0.930549 3.544245
0.930549 3.544245
0.616609 3.808027
1.700627 2.112482
0.625448 3.80227
0.666684 3.774203
0.666684 3.774203
0.571002 3.836298
0.528326 3.860613
0.564874 3.839916
0.564874 3.839916
1.029842 3.432791
1.170089 3.248267
1.170089 3.248267
0.700265 3.74985
1.851838 1.521165
1.852092 1.519929
1.852092 1.519929
1.852092 1.519929
0.264191 3.967158
0.264191 3.967158
1.346371 2.962815
1.346371 2.962815
1.694156 2.133175
1.694156 2.133175
1.907183 1.217164
1.907183 1.217164
1.907183 1.217164
1.907183 1.217164
1.861887 1.471271
1.608139 2.384602
0.282657 3.962094
0.88814 3.587443
0.299071 3.957298
1.400986 2.859807
1.400986 2.859807
1.400986 2.859807
1.750908 1.941262
1.750908 1.941262
1.750908 1.941262
1.750908 1.941262
1.508884 2.631221
1.626614 2.333959
1.388961 2.883157
1.603415 2.397287
1.603415 2.397287
0.877398 3.597985
1.894215 1.295669
0.316034 3.952049
1.382217 2.896084
1.682681 2.169194
1.365197 2.928178
1.896818 1.280342
1.896783 1.280549
1.372666 2.914186
1.67929 2.179678
0.866163 3.608841
1.632744 2.31678
0.341299 3.943676
1.564613 2.497699
1.564613 2.497699
1.783431 1.818995
1.771333 1.86568
1.817367 1.679269
1.777174 1.843329
1.777174 1.843329
1.579025 2.46117
1.585905 2.443416
1.77512 1.851227
1.77512 1.851227
1.121648 3.315848
1.121648 3.315848
1.581147 2.455716
1.584013 2.448319
1.670415 2.206778
1.81652 1.682929

0.24662 3.971121
0.24662 3.971121
0.262881 3.966967
1.782674 1.819873
1.792742 1.779873
1.979993 0.583932
0.368141 3.933467
0.368141 3.933467
0.426456 3.909906
1.812613 1.69746
1.845946 1.5471
1.844241 1.555214
1.844241 1.555214
1.822861 1.652976
1.82384 1.648652
1.830064 1.620826
1.949393 0.906898
1.624736 2.337579
0.512032 3.86871
1.298498 3.045879
1.620889 2.348233
1.942917 0.960916
1.957297 0.835964
1.957297 0.835964
1.975177 0.645966
1.975177 0.645966
1.336102 2.980153
1.656655 2.246199
0.538889 3.854123
0.538889 3.854123
1.960369 0.80663
1.960369 0.80663
1.61231 2.371734
1.61231 2.371734
1.011479 3.453614
1.886317 1.338169
1.966876 0.740493
1.026745 3.435564
1.002103 3.464519
0.993476 3.474434
1.036217 3.42418
1.036217 3.42418
1.972043 0.683242
1.972043 0.683242
1.972043 0.683242
0.57931 3.830644
1.356514 2.943056
1.742927 1.967851
1.742927 1.967851
1.742927 1.967851
1.269596 3.094203
1.269596 3.094203
1.675315 2.190151
1.675315 2.190151
1.675315 2.190151
1.889601 1.319499
1.67602 2.187994
1.92342 1.106827
1.92342 1.106827
1.679398 2.177609
1.099078 3.34493
1.92704 1.081332
1.891223 1.310166
1.891223 1.310166
1.36452 2.928223
1.485231 2.683119
1.369505 2.918904
1.369505 2.918904
1.10363 3.338935
1.931292 1.050533
1.931292 1.050533
1.931292 1.050533
1.931292 1.050533
1.931292 1.050533
0.618209 3.806291
1.437179 2.785786
1.437179 2.785786
1.704121 2.09939
1.106372 3.335305
0.624878 3.80194
0.624878 3.80194
1.706186 2.092671
1.541716 2.552542
1.538214 2.560977
1.387499 2.88473
1.711245 2.076083
0.648378 3.786195
0.658407 3.779277
0.677412 3.76584
0.677412 3.76584
1.170517 3.246613
0.864355 3.60974
1.571764 2.478181
1.555511 2.518854
1.555511 2.518854
0.689195 3.757292
1.571076 2.479924
1.571076 2.479924
0.691643 3.755495
1.240614 3.140845

1.984249 0.527934
1.049053 3.409227
0.95391 3.519122
0.933517 3.540902
1.126799 3.308605
0.89363 3.581775
0.115505 3.995148
0.115505 3.995148
0.86388 3.610811
1.692175 2.138999
1.715978 2.061767
1.864575 1.456917
1.296333 3.050414
1.299757 3.044585
1.881964 1.364526
1.885118 1.346995
1.877805 1.387267
1.877805 1.387267
0.624889 3.802456
1.461171 2.736419
1.613847 2.368724
0.549701 3.848519
1.85252 1.517196
1.85252 1.517196
1.85252 1.517196
0.795754 3.67281
1.797308 1.762958
0.377004 3.930555
1.796646 1.765655
1.921141 1.125028
0.642385 3.790801
0.335864 3.945387
1.188582 3.221052
0.789782 3.677954
0.390247 3.925401
1.960755 0.806264
1.960755 0.806264
0.788511 3.679043
0.523348 3.863148
0.523348 3.863148
0.394 3.923907
0.394 3.923907
0.51481 3.867722
1.898781 1.26788
1.898781 1.26788
1.898781 1.26788
0.428768 3.909351
1.932916 1.041176
1.932916 1.041176
1.932916 1.041176
1.932916 1.041176
1.932916 1.041176
1.932916 1.041176
1.915352 1.163864
0.451566 3.899104
0.495737 3.877647
0.495737 3.877647
1.731717 2.008448
1.731717 2.008448
1.731717 2.008448
1.731717 2.008448
1.328231 2.995061
1.736748 1.990997
1.736748 1.990997
1.197255 3.20819
1.820045 1.667038
1.562692 2.502121
1.477653 2.700803
1.477653 2.700803
1.477653 2.700803
1.820927 1.663182
1.763433 1.89486
1.912004 1.185692
0.75753 3.704946
1.8379 1.586739
1.667929 2.213848
1.910536 1.195126
1.910536 1.195126
1.910536 1.195126
1.910536 1.195126
0.217144 3.978347
0.747072 3.713416
1.765806 1.886001
1.765806 1.886001
1.765806 1.886001
1.765806 1.886001
1.505271 2.639123
1.83564 1.59717
1.83564 1.59717
1.398044 2.865234
1.779911 1.832199
1.827308 1.634945
1.827308 1.634945
1.827308 1.634945
1.827308 1.634945
1.494212 2.66413
1.629585 2.32524
1.397446 2.866399
1.397446 2.866399
1.397446 2.866399

0.037016 4.000364
0.037016 4.000364
0.159203 3.988481
0.159203 3.988481
1.82937 1.622256
0.285417 3.960363
1.910963 1.187756
1.70026 2.11057
1.869048 1.42992
1.869048 1.42992
1.869048 1.42992
0.778046 3.686779
1.903327 1.235842
1.813867 1.690461
1.813867 1.690461
0.365011 3.934207
0.365011 3.934207
1.930406 1.054465
1.204015 3.196499
0.762787 3.699498
1.36657 2.923513
0.83454 3.637072
1.181571 3.22981
1.804434 1.730372
1.240169 3.140753
0.74355 3.715114
0.405835 3.918215
1.342922 2.967006
1.176085 3.237804
1.681142 2.170958
1.681142 2.170958
1.339937 2.972398
1.797674 1.75829
1.797674 1.75829
1.885332 1.341669
1.885332 1.341669
1.936371 1.009748
1.612906 2.368965
1.780247 1.827839
1.893805 1.293045
1.893805 1.293045
1.893805 1.293045
1.893805 1.293045
1.154226 3.2691
1.947063 0.923808
1.947063 0.923808
1.039382 3.419661
1.039382 3.419661
0.442797 3.902206
0.442797 3.902206
1.600521 2.402322
1.393553 2.872132
1.148613 3.276994
1.148613 3.276994
0.871976 3.601803
1.504181 2.63956
1.504181 2.63956
1.504181 2.63956
1.504181 2.63956
1.774693 1.849318
1.774693 1.849318
1.774693 1.849318
1.627261 2.329373
1.668963 2.208221
1.469951 2.715581
1.473945 2.70691
1.472991 2.708985
0.985745 3.482565
0.985745 3.482565
1.45833 2.740521
0.475691 3.88672
0.475691 3.88672
1.76849 1.872934
1.594631 2.417935
0.883915 3.590153
0.883915 3.590153
1.536323 2.564465
1.536323 2.564465
1.064204 3.389006
1.267293 3.09716
0.971422 3.498614
0.971422 3.498614
0.969238 3.501035
1.105939 3.335162
1.105939 3.335162
1.105939 3.335162
1.943225 0.955607
1.943225 0.955607
1.943225 0.955607
1.943225 0.955607
1.943225 0.955607
1.943225 0.955607
0.576493 3.831846
0.576493 3.831846
1.638106 2.298772
1.638106 2.298772
1.309781 3.025662
1.309781 3.025662
1.087388 3.359458
1.638484 2.297693

1.99871 0.210695
1.194527 3.211784
0.7611 3.70168
0.761567 3.701296
1.451699 2.755915
1.205754 3.194971
0.800508 3.668329
1.442961 2.774201
1.442961 2.774201
0.836041 3.63653
1.832298 1.611402
1.496588 2.658181
1.429112 2.802716
1.830549 1.619336
1.830549 1.619336
0.685421 3.760268
0.681874 3.762842
1.827627 1.632486
1.669093 2.209579
0.659103 3.779008
1.987707 0.469534
1.987707 0.469534
1.98807 0.463328
1.98807 0.463328
1.98807 0.463328
1.98807 0.463328
1.98807 0.463328
1.589872 2.432013
1.140146 3.289832
1.400692 2.859501
1.872192 1.41611
1.872192 1.41611
1.872192 1.41611
1.872192 1.41611
0.894396 3.580635
0.894949 3.580083
1.954826 0.860084
1.700182 2.11266
1.700769 2.110768
1.878436 1.38263
1.652894 2.257753
1.652894 2.257753
1.705183 2.096479
1.705183 2.096479
1.705183 2.096479
1.810969 1.705133
1.908488 1.206768
1.908488 1.206768
1.88837 1.327382
1.642013 2.289284
0.927702 3.546616
0.344757 3.942077
0.344757 3.942077
0.344757 3.942077
0.344757 3.942077
1.956843 0.841525
1.116606 3.321945
1.116606 3.321945
1.731145 2.009579
0.304525 3.955254
1.894156 1.293979
1.627627 2.330002
0.939365 3.53433
1.622568 2.344072
1.622568 2.344072
1.622568 2.344072
1.622568 2.344072
1.375705 2.907593
0.270717 3.96503
0.270717 3.96503
1.895846 1.284036
0.977756 3.492478
1.904537 1.231492
1.904537 1.231492
1.904537 1.231492
0.962986 3.508838
1.971991 0.685443
1.971991 0.685443
1.903542 1.237636
0.95532 3.5172
0.95532 3.5172
0.588158 3.825463
0.18115 3.985269
1.266898 3.098954
1.266898 3.098954
1.528815 2.583812
1.094299 3.351479
1.53026 2.58039
1.088664 3.358806
1.088664 3.358806
1.019341 3.444641
1.271218 3.091875
1.271218 3.091875
1.801991 1.742765
1.067954 3.385272
1.560655 2.506541
1.026889 3.435671
1.026889 3.435671
1.026889 3.435671
1.534806 2.569571

1.944278 0.945173
1.944278 0.945173
1.939905 0.980467
1.939905 0.980467
1.928784 1.064648
1.914348 1.164243
0.787715 3.678199
0.795807 3.67123
0.758764 3.702443
0.319206 3.949803
0.869835 3.603483
1.05936 3.394622
1.060396 3.393329
1.686435 2.15366
1.682646 2.165481
1.682646 2.165481
1.728592 2.015546
1.725311 2.026759
0.373524 3.930745
0.373524 3.930745
0.373524 3.930745
0.998572 3.467502
1.747424 1.949515
1.440032 2.778335
1.252498 3.120615
1.747831 1.948055
0.37788 3.929083
1.435593 2.787506
1.847351 1.53744
1.847351 1.53744
1.845602 1.545821
0.995478 3.471058
1.537806 2.560236
1.660676 2.232283
1.845246 1.547518
1.891263 1.306504
1.711996 2.071427
1.711996 2.071427
1.711996 2.071427
1.711996 2.071427
0.628795 3.79852
0.628795 3.79852
1.097267 3.346136
1.097267 3.346136
1.427837 2.803391
1.869025 1.428809
1.454609 2.747801
1.77683 1.840131
1.77683 1.840131
1.859006 1.480173
0.990228 3.477056
1.531261 2.575875
1.531261 2.575875
1.531261 2.575875
0.594125 3.820753
0.594125 3.820753
1.775513 1.845208
1.1065 3.333958
0.61997 3.804312
0.61997 3.804312
1.866451 1.442207
1.866451 1.442207
1.866451 1.442207
1.866451 1.442207
0.619185 3.804823
0.619185 3.804823
1.117818 3.318829
1.758491 1.909295
1.758857 1.907945
1.337201 2.976767
1.515803 2.612183
1.235703 3.147274
1.288917 3.060745
1.77023 1.865401
1.77023 1.865401
1.769017 1.869999
1.816096 1.67981
1.888014 1.325173
1.888014 1.325173
1.888014 1.325173
1.888014 1.325173
1.888014 1.325173
1.888014 1.325173
1.41253 2.83423
0.461702 3.893158
1.292186 3.055228
1.294094 3.051997
1.294094 3.051997
0.476266 3.886144
0.476266 3.886144
0.476266 3.886144
0.476266 3.886144
0.476266 3.886144
0.476266 3.886144
1.302805 3.037142
1.302805 3.037142
1.302805 3.037142
1.151936 3.271852
1.146269 3.2798
1.147201 3.278496

1.855926 1.495476
0.389354 3.924588
0.569362 3.835766
0.59277 3.821572
1.823373 1.647896
1.823373 1.647896
1.32386 3.000477
1.32936 2.990739
1.32936 2.990739
0.166571 3.987038
1.634173 2.309129
1.776297 1.842119
1.776297 1.842119
1.636702 2.301955
0.632465 3.796062
1.614938 2.362632
1.614938 2.362632
0.176907 3.985264
1.775104 1.846716
1.647879 2.26984
1.647879 2.26984
1.647879 2.26984
1.441887 2.774442
0.180143 3.984687
0.180143 3.984687
0.639374 3.791434
0.18064 3.984597
0.203795 3.980144
0.203795 3.980144
0.203795 3.980144
0.194224 3.982051
0.811826 3.657159
0.652326 3.782608
0.652326 3.782608
1.106333 3.334147
1.271581 3.089567
1.808881 1.710595
1.808881 1.710595
0.757231 3.703672
1.358912 2.937149
0.750439 3.709193
0.750439 3.709193
1.710672 2.075739
0.74766 3.711435
0.949444 3.522208
0.93342 3.539287
1.802792 1.736115
1.802792 1.736115
1.802792 1.736115
1.802792 1.736115
0.723309 3.730671
1.59895 2.40573
0.955891 3.515231
1.036482 3.42271
1.036482 3.42271
1.1154 3.322048
1.1154 3.322048
1.262555 3.104333
1.262555 3.104333
1.262555 3.104333
1.262555 3.104333
0.713272 3.738386
0.714682 3.73731
0.917718 3.555664
1.427898 2.803225
1.427898 2.803225
1.707559 2.085965
1.707559 2.085965
1.234058 3.149819
1.503241 2.641008
1.524167 2.5926
1.524167 2.5926
1.501904 2.64405
0.899734 3.57399
0.975953 3.493124
1.683426 2.162997
1.683426 2.162997
1.683426 2.162997
0.851715 3.620716
0.851715 3.620716
0.891675 3.582054
0.854314 3.618267
0.854314 3.618267
0.885305 3.588365
1.13943 3.289281
1.13943 3.289281
0.870116 3.603185
0.880999 3.592598
1.688491 2.147151
1.180388 3.231017
1.583247 2.446912
1.150371 3.274019
1.6901 2.142079
1.41051 2.83821
1.41051 2.83821
1.695847 2.123835
1.695847 2.123835
1.155575 3.266683
1.694131 2.129306
0.996749 3.469569

1.964121 0.769428
1.892418 1.303379
1.88231 1.36068
1.88231 1.36068
1.88231 1.36068
1.91406 1.170107
1.926776 1.083367
1.926776 1.083367
1.940429 0.981001
1.940429 0.981001
1.940429 0.981001
1.940429 0.981001
1.940175 0.983014
1.700944 2.10975
1.700944 2.10975
1.683451 2.165135
1.833444 1.605581
1.833444 1.605581
1.727159 2.022776
1.727159 2.022776
0.679382 3.764456
0.679382 3.764456
0.740575 3.718077
1.737828 1.985889
1.78333 1.817392
1.78333 1.817392
0.668627 3.772138
1.753517 1.929943
1.753517 1.929943
1.753517 1.929943
1.753517 1.929943
1.462746 2.732122
0.641295 3.791041
0.369774 3.932883
0.373167 3.931605
0.388777 3.925569
0.923511 3.550763
0.923511 3.550763
0.925339 3.548861
0.60575 3.814312
1.305267 3.034342
1.303179 3.037928
0.419913 3.912758
0.953847 3.518572
1.033729 3.427226
0.854179 3.619442
1.532889 2.573777
0.990683 3.477661
1.058663 3.396672
1.058663 3.396672
1.041627 3.417656
1.041627 3.417656
1.524387 2.593889
1.524387 2.593889
1.524387 2.593889
1.07351 3.377996
1.217145 3.177387
1.217145 3.177387
0.984349 3.484841
0.964653 3.50678
1.280263 3.076632
1.366745 2.924125
1.366745 2.924125
1.366745 2.924125
0.846406 3.62673
0.846406 3.62673
1.090621 3.356019
1.19383 3.212551
0.978871 3.491001
0.978871 3.491001
0.445724 3.901352
1.191602 3.215856
1.191602 3.215856
1.17789 3.235984
1.17789 3.235984
1.323703 3.002244
1.323703 3.002244
1.323703 3.002244
1.616509 2.360347
0.492879 3.878654
0.230867 3.974912
1.81789 1.674837
1.81789 1.674837
1.81789 1.674837
1.544082 2.546884
0.464024 3.89283
0.464159 3.892766
0.471903 3.889049
0.473755 3.888151
0.529641 3.859266
0.819951 3.65093
0.808112 3.66146
0.808112 3.66146
0.808112 3.66146
0.808112 3.66146
0.567877 3.837503
0.81304 3.657099
0.301341 3.956084
1.242341 3.138164
0.564534 3.839471

0.106118 3.995511
0.106118 3.995511
1.972155 0.678348
0.216505 3.977755
0.216505 3.977755
0.289293 3.959272
1.226292 3.162522
0.773131 3.690951
0.696731 3.75124
1.194104 3.211388
1.916721 1.150209
1.916721 1.150209
1.917936 1.142076
0.817922 3.652171
1.904919 1.226153
1.333603 2.98383
0.433992 3.906186
1.155116 3.2679
0.443085 3.902109
0.615143 3.807805
0.861136 3.612256
0.861136 3.612256
1.148896 3.276653
1.148896 3.276653
1.344532 2.964155
1.738695 1.981483
1.958029 0.826086
1.958029 0.826086
1.958029 0.826086
1.116793 3.320727
1.093409 3.351691
1.106835 3.334027
1.751139 1.937157
1.751139 1.937157
1.93384 1.029179
1.641043 2.29047
1.641043 2.29047
1.641043 2.29047
1.859685 1.478093
1.934532 1.023961
1.934532 1.023961
1.587464 2.436807
1.587464 2.436807
0.905005 3.569139
1.058779 3.395844
1.055698 3.399676
0.480221 3.88453
1.648309 2.269509
1.79422 1.772467
1.046006 3.41163
1.035294 3.424665
1.790983 1.785513
1.790983 1.785513
0.575824 3.832286
1.815609 1.683087
1.815609 1.683087
1.659255 2.23738
1.764597 1.887677
1.662209 2.228593
1.515011 2.614754
1.421529 2.816849
1.421529 2.816849
1.816344 1.679914
0.927575 3.545906
0.927575 3.545906
0.927575 3.545906
1.5077 2.631597
1.510189 2.625885
1.519559 2.604179
1.519559 2.604179
1.525004 2.591419
0.978176 3.491135
0.995344 3.471685
0.995344 3.471685
1.950918 0.890889
1.767051 1.878472
1.784179 1.812554
0.996586 3.470261
0.996586 3.470261
1.767786 1.875703
1.371994 2.913405
0.942923 3.529689
0.942923 3.529689
1.780295 1.827767
1.774761 1.849171
1.777493 1.838642
1.877892 1.382935
1.715852 2.059584
1.715852 2.059584
1.715852 2.059584
1.671028 2.20206
1.821647 1.656783
1.54576 2.541765
1.822643 1.652396
1.449001 2.760309
1.449863 2.758498
1.449863 2.758498
1.827393 1.631277
0.550351 3.847204
0.550351 3.847204

1.851548 1.524194
1.84999 1.531743
1.84999 1.531743
1.84999 1.531743
1.896702 1.282938
1.898578 1.271786
1.785292 1.813041
0.243773 3.972692
1.383064 2.89527
1.768082 1.879285
1.768082 1.879285
1.434003 2.79446
0.273616 3.964968
0.273616 3.964968
1.435754 2.790864
1.438616 2.784967
1.438616 2.784967
1.688252 2.152954
1.462028 2.735797
1.477096 2.703248
1.703099 2.10567
1.9213 1.126958
1.984267 0.533827
1.984267 0.533827
1.984267 0.533827
1.984267 0.533827
1.984267 0.533827
0.759071 3.704386
0.753229 3.709144
0.753229 3.709144
1.975856 0.646932
1.975856 0.646932
1.975856 0.646932
1.975856 0.646932
1.975856 0.646932
1.715266 2.065797
1.715266 2.065797
0.424924 3.911576
0.424924 3.911576
1.511384 2.626387
0.38484 3.928063
0.38484 3.928063
1.666765 2.218894
1.342838 2.969991
1.342838 2.969991
0.352238 3.940218
0.352238 3.940218
0.352238 3.940218
1.727841 2.023456
1.742955 1.970929
1.124012 3.313298
1.149759 3.277811
1.741409 1.976389
0.70486 3.746895
0.828981 3.644075
1.735932 1.995567
1.738675 1.985991
1.738675 1.985991
0.573262 3.835393
0.906937 3.569165
1.557722 2.515821
1.607158 2.388264
1.937826 1.007331
1.525756 2.592956
1.044707 3.415411
1.32765 2.997158
1.279057 3.08045
0.541195 3.853926
1.528533 2.586408
1.528533 2.586408
1.528533 2.586408
1.528533 2.586408
1.528533 2.586408
0.521485 3.864745
0.521485 3.864745
0.521485 3.864745
0.530608 3.859791
0.530608 3.859791
0.530608 3.859791
0.843262 3.630969
1.241657 3.141005
1.241657 3.141005
1.170214 3.24876
1.170214 3.24876
1.318461 3.013325
1.172644 3.245257
1.172644 3.245257
1.313791 3.021467
1.313661 3.021692
0.88964 3.586507
1.593019 2.425844
1.292189 3.05847
1.292189 3.05847
1.292189 3.05847
1.292189 3.05847
1.292189 3.05847
1.195366 3.211962
1.195366 3.211962
0.887209 3.588911
1.591553 2.429687

1.994446 0.316499
1.994446 0.316499
1.988054 0.449607
1.984835 0.503344
0.819225 3.650347
0.819225 3.650347
1.952811 0.870677
0.962819 3.507429
0.962819 3.507429
0.975287 3.49363
0.147645 3.989877
0.147645 3.989877
0.147645 3.989877
1.9496 0.899014
1.9496 0.899014
1.9496 0.899014
1.00005 3.465529
0.206807 3.97939
0.206807 3.97939
1.824118 1.643988
0.266472 3.965212
0.670601 3.769625
0.670338 3.769811
1.269179 3.093218
1.261783 3.105294
0.663402 3.774712
0.658339 3.778253
1.058734 3.395121
1.792271 1.778591
1.792271 1.778591
1.191231 3.21479
1.233393 3.150573
1.233393 3.150573
1.233342 3.150652
1.233342 3.150652
1.865045 1.448694
1.693935 2.129462
1.693935 2.129462
0.57152 3.834305
1.069256 3.381912
0.61981 3.804209
0.61981 3.804209
1.837492 1.58329
1.925256 1.088888
1.925256 1.088888
1.925256 1.088888
1.925256 1.088888
1.927602 1.07215
1.927602 1.07215
1.926434 1.08052
1.839078 1.575909
1.839078 1.575909
1.839078 1.575909
1.852293 1.512728
1.783965 1.811686
1.850206 1.522909
1.850206 1.522909
1.471862 2.710413
1.876307 1.389301
1.876307 1.389301
1.599491 2.403882
1.616006 2.359293
1.594626 2.416775
1.594626 2.416775
1.563059 2.497889
1.551608 2.526279
1.551608 2.526279
1.718521 2.049157
1.569352 2.482059
1.581299 2.451546
1.581299 2.451546
1.393115 2.872032
1.392659 2.872915
1.392659 2.872915
1.515334 2.612853
1.515334 2.612853
1.515334 2.612853
1.423019 2.812791
1.423019 2.812791
1.62876 2.323952
1.516855 2.609324
1.51982 2.602413
1.537446 2.560673
1.459446 2.737132
1.459446 2.737132
1.89592 1.278346
1.89592 1.278346
1.89592 1.278346
1.89592 1.278346
1.89592 1.278346
1.882454 1.355622
1.531095 2.575846
1.630557 2.318905
1.676444 2.184124
1.332563 2.984721
1.332563 2.984721
1.883797 1.348139
1.726253 2.022994
1.726253 2.022994
1.726253 2.022994

1.961704 0.787965
1.946941 0.922943
1.990804 0.400459
1.990804 0.400459
1.990804 0.400459
1.990804 0.400459
1.990804 0.400459
1.990804 0.400459
1.990804 0.400459
1.169355 3.247045
1.182208 3.228382
1.178909 3.233202
1.448639 2.760375
1.86092 1.470502
1.861143 1.469373
1.831627 1.610925
0.196375 3.981643
0.196375 3.981643
1.489668 2.671622
1.489668 2.671622
1.829606 1.620085
1.434686 2.789363
1.11996 3.315933
0.206147 3.979675
0.206147 3.979675
1.824367 1.64355
1.824367 1.64355
1.824367 1.64355
1.824367 1.64355
1.426422 2.806261
0.340114 3.942828
1.504552 2.638058
0.387695 3.925259
1.754194 1.925027
1.754194 1.925027
1.779146 1.831141
0.254966 3.968383
1.777863 1.836119
0.414209 3.91443
0.291526 3.958329
0.291526 3.958329
1.771773 1.859516
1.772182 1.857959
1.772182 1.857959
1.772182 1.857959
0.719645 3.73352
1.245077 3.132459
1.720823 2.041949
1.344411 2.963743
0.439169 3.903551
1.252881 3.119993
1.253156 3.119551
0.966805 3.503301
1.253266 3.119374
0.930257 3.542637
1.357694 2.939431
1.357706 2.939408
1.069611 3.381739
0.97632 3.492736
0.97632 3.492736
0.993654 3.473139
0.997783 3.468403
0.911449 3.562126
1.376899 2.903489
0.909931 3.563676
1.5359 2.564796
1.383501 2.890912
1.294726 3.050917
1.294726 3.050917
1.294726 3.050917
1.294726 3.050917
1.294726 3.050917
1.062215 3.391046
1.062215 3.391046
0.760053 3.701381
0.760053 3.701381
1.381743 2.894273
1.381743 2.894273
1.381743 2.894273
1.538708 2.558057
1.539225 2.556813
0.769899 3.693239
0.769899 3.693239
1.047914 3.408788
1.047914 3.408788
1.876752 1.387678
1.040397 3.417982
1.040397 3.417982
1.905032 1.223832
1.905032 1.223832
1.905032 1.223832
1.905032 1.223832
1.905032 1.223832
1.905032 1.223832
1.905032 1.223832
1.707256 2.087003
1.707256 2.087003
1.707256 2.087003
1.706829 2.088399
1.706829 2.088399

0.055964 3.999851
1.803926 1.734195
1.803926 1.734195
1.835319 1.597003
1.044393 3.414288
1.044393 3.414288
1.895543 1.285096
1.678263 2.181196
1.678263 2.181196
0.769 3.694961
1.777268 1.841008
1.777268 1.841008
1.777268 1.841008
0.983092 3.486265
0.789698 3.67748
1.298229 3.046396
1.437547 2.785095
0.977907 3.492086
1.10032 3.343348
1.444822 2.770002
0.975053 3.495274
1.535884 2.566638
1.535884 2.566638
1.532142 2.575566
1.663499 2.225967
1.245791 3.132701
1.662439 2.229131
1.241644 3.139275
1.889526 1.320076
1.889526 1.320076
1.196845 3.208071
1.196845 3.208071
0.471044 3.889469
0.471044 3.889469
0.471044 3.889469
1.307631 3.030277
1.112015 3.327847
1.85253 1.515421
1.85253 1.515421
1.766062 1.883647
1.766062 1.883647
1.230165 3.157287
1.230165 3.157287
1.230165 3.157287
1.219917 3.173142
0.708863 3.742688
0.708863 3.742688
1.517638 2.609675
1.517568 2.609838
1.853692 1.509722
1.422934 2.814938
1.313961 3.019311
1.568647 2.486144
1.568647 2.486144
1.75255 1.933465
1.75255 1.933465
0.950344 3.522364
0.532575 3.857659
1.35669 2.942795
1.88508 1.345272
1.88508 1.345272
1.88508 1.345272
1.361587 2.933739
1.32154 3.006059
1.470118 2.716264
1.470118 2.716264
0.55145 3.847059
0.696288 3.752104
0.696288 3.752104
1.744682 1.961718
0.499244 3.875408
0.499244 3.875408
0.499244 3.875408
1.12889 3.30506
1.740908 1.975085
1.740908 1.975085
1.740908 1.975085
1.34147 2.970558
1.155385 3.26826
1.339803 2.973564
1.495748 2.659729
1.495748 2.659729
1.495748 2.659729
1.873836 1.406718
1.873836 1.406718
1.873836 1.406718
1.330028 2.991057
1.153484 3.270944
0.572134 3.834982
1.478913 2.697108
1.478913 2.697108
1.333261 2.985296
1.479362 2.696123
1.64653 2.275861
1.71312 2.069983
1.71312 2.069983
1.147178 3.279795
0.900389 3.574418
0.900389 3.574418
1.409859 2.84112

1.610243 2.376954
1.63029 2.321662
1.587309 2.43786
1.122456 3.313509
1.126608 3.307871
1.088023 3.359103
1.534012 2.57068
0.221364 3.97691
1.073309 3.37797
1.300937 3.041431
1.06363 3.390185
1.956371 0.843522
1.956371 0.843522
1.526785 2.587826
1.341624 2.969923
1.341624 2.969923
1.767152 1.87895
0.234734 3.973857
1.955523 0.851356
1.955523 0.851356
1.283006 3.071731
1.355905 2.94388
1.174266 3.24094
1.77288 1.857239
1.77288 1.857239
1.77288 1.857239
1.361524 2.933493
1.78579 1.80709
1.774709 1.850239
0.432468 3.90712
1.375277 2.90773
0.252716 3.969464
0.458242 3.89538
1.77905 1.833487
0.46142 3.893882
0.481096 3.884367
1.514588 2.616331
1.514588 2.616331
1.408461 2.843513
0.403373 3.919516
0.403373 3.919516
1.415268 2.829967
1.415268 2.829967
0.540547 3.853032
1.425948 2.808449
1.425948 2.808449
1.452728 2.753026
1.199577 3.203672
0.315513 3.951516
0.696589 3.751659
1.69376 2.13222
1.205516 3.194748
1.469516 2.717165
1.469516 2.717165
0.674135 3.768008
0.674135 3.768008
0.303436 3.955284
0.303436 3.955284
0.303436 3.955284
0.303436 3.955284
1.251919 3.122589
1.251919 3.122589
1.478581 2.697431
1.001884 3.464546
1.481791 2.690378
1.481791 2.690378
1.481791 2.690378
1.817892 1.674162
1.817892 1.674162
1.818848 1.670003
1.818848 1.670003
1.845355 1.549313
1.229735 3.157632
0.810517 3.659102
1.226664 3.162403
1.226664 3.162403
1.226664 3.162403
1.226664 3.162403
0.577603 3.831505
0.934195 3.539323
0.578459 3.830989
0.578459 3.830989
1.926752 1.082529
1.926752 1.082529
1.926752 1.082529
1.827078 1.633672
0.815335 3.654822
0.900078 3.574476
0.900078 3.574476
0.900078 3.574476
0.8983 3.576263
0.869601 3.604497
0.851012 3.622181
0.851012 3.622181
0.817383 3.652994
0.871936 3.602242
0.81776 3.652657
0.819342 3.651241
0.886099 3.588405
0.987886 3.480574

0.253369 3.970243
1.972822 0.682381
1.204724 3.197831
1.220834 3.173322
1.449445 2.762271
1.453522 2.753693
1.47336 2.711222
1.479725 2.697328
1.840917 1.574575
1.840917 1.574575
1.398599 2.865134
1.685252 2.162118
1.86956 1.433203
1.266153 3.101545
1.876736 1.395168
1.592792 2.426251
1.375601 2.909296
1.529678 2.583526
1.373529 2.913207
1.767108 1.8827
1.600001 2.40721
1.600001 2.40721
1.665319 2.223024
1.665319 2.223024
1.665319 2.223024
1.939963 0.990264
1.939963 0.990264
1.552057 2.529601
1.547055 2.541822
1.541606 2.555023
1.541606 2.555023
1.541606 2.555023
1.542182 2.553632
1.120841 3.317465
1.039123 3.422094
1.039123 3.422094
1.615317 2.365959
1.938309 1.003146
1.938309 1.003146
1.938309 1.003146
1.300261 3.044626
1.051932 3.406426
1.051932 3.406426
0.910969 3.564957
0.910969 3.564957
1.647751 2.274768
1.646059 2.279662
1.932058 1.050318
1.621603 2.348703
1.637916 2.302996
1.776404 1.847379
0.666756 3.774534
1.884764 1.351173
1.628141 2.330547
1.628141 2.330547
0.93658 3.538354
1.112439 3.328745
1.886227 1.342978
1.886227 1.342978
1.886227 1.342978
1.886227 1.342978
1.112125 3.329164
1.112125 3.329164
0.697878 3.752016
0.698362 3.751657
0.870881 3.604743
0.870227 3.605373
0.870227 3.605373
1.725946 2.029684
1.725946 2.029684
1.725946 2.029684
0.858938 3.616167
1.309279 3.029142
1.309279 3.029142
1.309279 3.029142
0.991132 3.478495
0.991132 3.478495
0.708573 3.744008
0.708573 3.744008
1.100313 3.344808
1.730332 2.014694
0.735714 3.723055
0.728077 3.729043
1.090149 3.358078
1.090149 3.358078
1.957468 0.841084
1.957468 0.841084
1.957468 0.841084
1.957468 0.841084
1.957468 0.841084
1.957468 0.841084
1.957468 0.841084
1.957468 0.841084
0.627732 3.801139
0.840374 3.633541
1.913027 1.18156
1.781552 1.827443
1.781801 1.826472
0.512654 3.869373
0.512654 3.869373

0.15623 3.988614
0.174273 3.985635
0.213931 3.97793
1.964247 0.761185
1.964247 0.761185
1.963657 0.767256
1.8165 1.677573
1.908883 1.198933
1.908883 1.198933
1.908883 1.198933
1.908883 1.198933
1.820627 1.65958
1.820627 1.65958
1.786426 1.802132
0.820517 3.649252
0.820517 3.649252
1.902642 1.237989
0.827185 3.643229
1.387376 2.883219
1.721898 2.037936
1.346589 2.959538
0.874061 3.599213
1.34469 2.962989
0.875645 3.597674
1.941508 0.966859
1.941508 0.966859
1.941508 0.966859
1.941508 0.966859
1.941508 0.966859
1.771328 1.860787
1.843412 1.555713
1.843412 1.555713
1.843412 1.555713
1.950788 0.888976
1.950788 0.888976
1.950788 0.888976
1.334133 2.982011
1.120856 3.314515
1.620187 2.347924
1.736 1.989509
1.421785 2.815388
1.421785 2.815388
1.421932 2.815092
1.70904 2.080775
1.127582 3.305381
1.07665 3.372597
1.07665 3.372597
0.69756 3.750081
1.134321 3.296149
1.626537 2.3303
1.626537 2.3303
1.706487 2.089139
1.320179 3.006742
1.852204 1.513364
1.580959 2.452544
1.580959 2.452544
1.662182 2.22743
1.662182 2.22743
1.442629 2.772661
1.151247 3.272601
1.489586 2.67152
1.489586 2.67152
1.750039 1.939689
1.750039 1.939689
1.446751 2.764058
1.639259 2.29437
1.638634 2.296154
1.638634 2.296154
1.638634 2.296154
1.252155 3.120928
1.252155 3.120928
0.488788 3.879792
1.453148 2.750606
1.045537 3.41151
1.045537 3.41151
1.045537 3.41151
1.458354 2.739566
1.298645 3.044012
1.756471 1.916293
1.756471 1.916293
1.756471 1.916293
1.756471 1.916293
1.756471 1.916293
0.548686 3.847664
0.548686 3.847664
1.18653 3.221818
1.18653 3.221818
1.18653 3.221818
1.18653 3.221818
1.18653 3.221818
0.676391 3.765547
0.676391 3.765547
1.861033 1.469394
1.463925 2.727657
1.172508 3.24228
1.294761 3.050621
1.173353 3.241057
0.499207 3.874489
0.499207 3.874489
1.570744 2.478655

1.923796 1.104141
1.918893 1.137773
1.956276 0.845396
1.956276 0.845396
1.988415 0.454849
1.959071 0.819066
1.865904 1.448102
1.865904 1.448102
0.386539 3.926412
1.982513 0.548474
1.982513 0.548474
1.982513 0.548474
1.982513 0.548474
1.982513 0.548474
1.982513 0.548474
0.433564 3.906775
0.433564 3.906775
0.433564 3.906775
1.480139 2.694321
1.486782 2.679655
0.479477 3.88531
1.04004 3.419525
0.555656 3.844594
0.531122 3.858411
0.531122 3.858411
0.979265 3.490501
0.979265 3.490501
1.31251 3.02175
1.31251 3.02175
0.781224 3.684647
0.59844 3.818871
0.794831 3.673003
0.794831 3.673003
0.794831 3.673003
1.793397 1.777188
1.793397 1.777188
1.793397 1.777188
1.332727 2.986164
0.844802 3.62817
1.814361 1.689927
0.711522 3.740618
0.948723 3.524046
0.704738 3.745745
0.704738 3.745745
1.181158 3.231151
1.181158 3.231151
1.438327 2.783391
0.672892 3.76906
1.697886 2.119462
1.697886 2.119462
1.697886 2.119462
1.779872 1.830768
0.656347 3.780693
0.656347 3.780693
0.656347 3.780693
0.656347 3.780693
1.777882 1.838484
1.836148 1.593014
1.836148 1.593014
0.935508 3.538135
1.371934 2.914316
1.530827 2.578586
1.530827 2.578586
1.772604 1.858758
1.1944 3.211635
1.1944 3.211635
1.367734 2.922198
1.531312 2.577435
1.531312 2.577435
1.771422 1.86326
1.357449 2.941308
1.533243 2.57284
1.432308 2.795772
1.353804 2.948017
1.353804 2.948017
1.353804 2.948017
1.545858 2.542478
0.924202 3.549989
0.884247 3.590422
0.884247 3.590422
0.884247 3.590422
1.821388 1.659414
1.560423 2.506646
1.560423 2.506646
1.560423 2.506646
0.892017 3.582734
0.906554 3.568125
0.906491 3.568189
1.141609 3.28748
1.141609 3.28748
1.831169 1.615777
1.831169 1.615777
1.831169 1.615777
1.425324 2.810006
1.763194 1.894218
1.763194 1.894218
1.709421 2.082048
1.824896 1.643922
1.824896 1.643922
1.824896 1.643922

1.985955 0.499197
1.977544 0.618707
1.971731 0.689033
1.534723 2.569934
1.734716 1.997442
1.532254 2.575817
1.968461 0.725522
0.478033 3.886294
1.866538 1.445964
1.866538 1.445964
0.493701 3.878472
1.525943 2.590754
1.584351 2.446551
1.965868 0.753149
1.965868 0.753149
1.960285 0.809331
1.956306 0.847007
0.761504 3.701437
0.761504 3.701437
0.558972 3.842966
1.281405 3.075149
0.742214 3.717052
0.742214 3.717052
1.872858 1.412888
0.418468 3.913598
0.418279 3.913679
1.873417 1.409921
1.293041 3.055618
1.951138 0.893462
1.801749 1.744014
1.801749 1.744014
1.306315 3.032965
1.306315 3.032965
0.8389 3.633992
0.677034 3.766413
0.629553 3.799151
0.613505 3.809617
0.613505 3.809617
0.613505 3.809617
0.653895 3.782701
1.328688 2.993862
0.867953 3.606634
0.918806 3.555955
0.918806 3.555955
0.909292 3.565711
1.230167 3.157677
1.230167 3.157677
0.881742 3.593247
0.882075 3.592921
0.882075 3.592921
1.34462 2.965292
0.988968 3.479945
1.110377 3.330391
1.110377 3.330391
1.811226 1.704294
1.013731 3.451355
1.013731 3.451355
1.013731 3.451355
1.010941 3.454624
1.008163 3.457866
1.008163 3.457866
1.812621 1.698351
1.83327 1.607244
1.945822 0.938727
1.945146 0.944312
1.120437 3.316898
1.120437 3.316898
1.120437 3.316898
1.65547 2.250382
1.65547 2.250382
1.367168 2.923784
1.367168 2.923784
1.144413 3.284021
1.142296 3.286965
1.142296 3.286965
1.762997 1.895821
1.762997 1.895821
1.189452 3.219423
1.612169 2.372769
1.612169 2.372769
1.449342 2.76102
1.449342 2.76102
1.449342 2.76102
1.373537 2.911826
1.473516 2.70938
1.473516 2.70938
1.473516 2.70938
1.471667 2.713395
1.471667 2.713395
1.465623 2.726444
1.411843 2.837637
1.411843 2.837637
1.411843 2.837637
1.411843 2.837637
1.411843 2.837637
1.202042 3.200678
1.776548 1.844528
1.200761 3.2026
1.200761 3.2026
1.200761 3.2026

1.908364 1.202182
1.876505 1.388398
1.557555 2.511696
1.034715 3.42466
1.867514 1.436081
1.867514 1.436081
1.867514 1.436081
1.602685 2.395457
1.002089 3.463231
1.06992 3.381132
1.06992 3.381132
1.542857 2.547717
1.542857 2.547717
1.542857 2.547717
1.535709 2.56493
1.407925 2.843084
1.852485 1.511944
1.852485 1.511944
1.101764 3.339994
1.308694 3.026734
1.296289 3.048005
1.114335 3.323277
1.226559 3.161292
1.221153 3.16965
1.214206 3.180303
0.970884 3.498587
1.286824 3.063999
1.286824 3.063999
0.741122 3.71652
0.741122 3.71652
1.186692 3.221562
0.244754 3.970827
1.388416 2.881195
1.388416 2.881195
1.834971 1.595095
1.834971 1.595095
1.834971 1.595095
1.834971 1.595095
0.772041 3.691277
0.772041 3.691277
1.746702 1.95165
0.249744 3.969588
0.249744 3.969588
0.249744 3.969588
1.619357 2.350186
1.790155 1.787231
1.790155 1.787231
1.790155 1.787231
1.145091 3.281208
0.347377 3.940171
1.256432 3.114028
1.492714 2.664505
1.492714 2.664505
1.261438 3.105925
1.261438 3.105925
0.7181 3.734541
0.323711 3.948209
0.323711 3.948209
1.348229 2.95653
1.160884 3.258943
1.155991 3.26589
1.155991 3.26589
1.155991 3.26589
0.280469 3.961392
0.280469 3.961392
0.953545 3.5176
0.82213 3.647786
1.818952 1.666872
0.834729 3.63633
0.834729 3.63633
0.834729 3.63633
1.359574 2.935681
1.359574 2.935681
1.359574 2.935681
1.359574 2.935681
1.359574 2.935681
1.655938 2.245925
1.655938 2.245925
1.654656 2.249702
0.847589 3.624419
1.629245 2.322692
1.629245 2.322692
1.812908 1.693005
1.812908 1.693005
0.579167 3.82976
0.854519 3.617909
1.670645 2.201931
1.446226 2.765134
1.446555 2.764446
1.632347 2.313967
1.632347 2.313967
1.48008 2.692543
1.645027 2.277769
1.645027 2.277769
0.570315 3.835065
0.570315 3.835065
1.724613 2.028702
0.682554 3.761087
1.802072 1.738668
0.604866 3.813853

1.891297 1.313577
0.131786 3.993442
1.482792 2.690325
1.409433 2.843588
0.951357 3.522404
0.950151 3.523704
1.387134 2.887087
1.373901 2.912269
1.029552 3.433451
1.520884 2.603926
1.046281 3.413188
1.201418 3.202593
1.201418 3.202593
1.774595 1.853923
1.774595 1.853923
0.457019 3.896939
1.217519 3.178201
1.217519 3.178201
1.7783 1.839669
0.447981 3.901119
0.444377 3.902761
1.156478 3.26803
1.058489 3.398117
1.058489 3.398117
0.524293 3.863024
0.524293 3.863024
0.417041 3.914763
0.289352 3.960354
1.239732 3.143696
1.347276 2.96157
1.533087 2.575158
1.533087 2.575158
1.785577 1.811254
0.55141 3.847938
1.662617 2.230768
0.845994 3.628172
0.845994 3.628172
1.792861 1.782242
1.717364 2.058236
1.791217 1.788839
1.791217 1.788839
1.539632 2.559498
1.741089 1.976909
1.741089 1.976909
1.741089 1.976909
1.132748 3.301072
1.132748 3.301072
1.132748 3.301072
1.132748 3.301072
0.308619 3.954566
0.308619 3.954566
0.308619 3.954566
1.093129 3.354017
1.093129 3.354017
1.829427 1.626816
1.098895 3.34648
1.108445 3.333872
1.270827 3.093679
1.607697 2.386316
1.607697 2.386316
1.272361 3.091159
1.842647 1.565992
1.842647 1.565992
1.842647 1.565992
1.597297 2.414081
1.597297 2.414081
1.597297 2.414081
1.273467 3.089337
1.273467 3.089337
1.735799 1.995429
1.735799 1.995429
0.665051 3.775594
0.665051 3.775594
0.665051 3.775594
0.665051 3.775594
1.707771 2.089912
0.580613 3.830766
0.357231 3.938247
0.357231 3.938247
0.357231 3.938247
0.831949 3.641118
0.831949 3.641118
1.727699 2.023348
1.727699 2.023348
1.727699 2.023348
0.342507 3.94345
0.345725 3.942332
0.826689 3.645898
0.588869 3.825735
0.588869 3.825735
1.839414 1.581126
1.839414 1.581126
1.839414 1.581126
1.839414 1.581126
1.683365 2.167653
1.683365 2.167653
0.608081 3.813727
0.608081 3.813727
0.608081 3.813727
0.608081 3.813727

0.119133 3.993816
1.908618 1.201335
0.26755 3.965089
0.908229 3.56543
1.881702 1.36065
0.918849 3.554536
1.875015 1.397098
1.874941 1.397493
1.874941 1.397493
0.988366 3.479185
0.341315 3.942426
0.341315 3.942426
1.925849 1.08575
0.803665 3.664393
0.803665 3.664393
1.037014 3.422109
1.041848 3.416234
1.041848 3.416234
1.932215 1.039504
1.499514 2.649533
1.404912 2.849349
1.511983 2.621041
1.317429 3.011829
1.317429 3.011829
0.441292 3.902608
0.441292 3.902608
1.515394 2.613152
1.313823 3.01812
1.097474 3.345878
1.683264 2.163581
1.96249 0.780187
1.96249 0.780187
1.96249 0.780187
1.96249 0.780187
1.96249 0.780187
1.584816 2.442916
1.296743 3.047515
1.103404 3.338072
1.956824 0.835205
1.956824 0.835205
1.468849 2.717358
1.203551 3.196718
1.202793 3.197859
1.202793 3.197859
1.597965 2.408418
1.800583 1.745361
1.715665 2.059276
1.689378 2.144437
1.689378 2.144437
1.94035 0.976991
1.812714 1.694387
1.812714 1.694387
1.812714 1.694387
1.797014 1.760014
1.83381 1.601009
1.83381 1.601009
1.83381 1.601009
1.731727 2.004781
1.731727 2.004781
1.734096 1.996574
1.734096 1.996574
1.734769 1.994233
1.603709 2.393099
1.708572 2.082729
1.708572 2.082729
1.429618 2.799776
1.775008 1.847178
1.429771 2.799465
1.79366 1.773645
1.429922 2.799156
1.744493 1.960012
1.706085 2.090867
1.5662 2.490469
1.5662 2.490469
1.5662 2.490469
1.5662 2.490469
1.696016 2.123377
1.696016 2.123377
0.499346 3.874564
1.79202 1.780265
1.697702 2.117982
1.270539 3.091332
1.546213 2.539925
1.546213 2.539925
1.546213 2.539925
1.546213 2.539925
1.546213 2.539925
1.778011 1.835589
1.778011 1.835589
0.627119 3.799636
1.77934 1.830431
1.77934 1.830431
1.127606 3.305577
0.56122 3.840588
1.787969 1.796482
0.572227 3.834093
1.61118 2.372944
1.784601 1.809828
1.238479 3.142923
1.263962 3.102095

1.948112 0.929813
1.943986 0.963789
1.943986 0.963789
1.940172 0.994089
1.938778 1.004923
1.938778 1.004923
0.38851 3.927414
0.38851 3.927414
0.409691 3.918845
1.670957 2.208532
0.300829 3.957865
1.6499 2.27095
1.262121 3.109727
1.271281 3.094785
0.96474 3.509304
0.046181 4.001638
1.215318 3.183334
0.953234 3.521834
0.978048 3.494567
0.051364 4.001399
1.201863 3.203676
1.188749 3.223162
1.183978 3.230168
1.640213 2.298835
1.302664 3.042196
1.779094 1.840009
1.779094 1.840009
1.144024 3.287173
1.152379 3.275496
1.152379 3.275496
1.030919 3.433352
1.030919 3.433352
1.068512 3.387146
1.068512 3.387146
1.058838 3.399255
1.058838 3.399255
1.51036 2.630609
1.51036 2.630609
1.898618 1.275495
1.873819 1.414671
1.811967 1.706876
1.811967 1.706876
1.532593 2.578699
1.532593 2.578699
1.705718 2.099585
0.904173 3.573104
1.813382 1.700855
1.897245 1.283646
1.813885 1.698709
1.538793 2.563896
1.538793 2.563896
1.538793 2.563896
1.624652 2.342597
0.746451 3.715629
1.332228 2.990603
1.710202 2.084948
1.710202 2.084948
1.710202 2.084948
1.334082 2.9873
1.826203 1.64506
1.826203 1.64506
1.762149 1.904109
1.762149 1.904109
1.762149 1.904109
1.582204 2.456005
1.338145 2.98003
1.338145 2.98003
0.550973 3.849288
0.550973 3.849288
0.550973 3.849288
0.553204 3.848013
0.120888 3.995585
1.362298 2.935976
1.613108 2.374278
1.355746 2.94807
1.466385 2.728243
1.466385 2.728243
1.584693 2.449582
1.379422 2.90385
1.379422 2.90385
1.379422 2.90385
1.379422 2.90385
1.890674 1.321878
1.890674 1.321878
1.609911 2.382937
1.609911 2.382937
1.724157 2.038468
1.587318 2.442777
0.810562 3.661647
1.726698 2.029847
1.751479 1.943086
1.751479 1.943086
1.749274 1.951011
0.72503 3.73251
0.635559 3.796978
0.635559 3.796978
0.592922 3.824371
0.592922 3.824371
0.592922 3.824371
0.592922 3.824371

1.974358 0.652102
1.742222 1.969022
1.742222 1.969022
1.800502 1.746765
1.801677 1.741915
1.801677 1.741915
1.92306 1.107014
1.92306 1.107014
1.918617 1.137441
1.925909 1.087012
1.121157 3.314828
1.967414 0.731319
1.967414 0.731319
1.967414 0.731319
1.967414 0.731319
1.967414 0.731319
0.731796 3.724459
0.731796 3.724459
1.939549 0.985187
1.656495 2.245519
1.658459 2.239715
1.816446 1.679436
0.754995 3.705911
1.946298 0.930393
1.946298 0.930393
1.946298 0.930393
1.946298 0.930393
1.946298 0.930393
0.279559 3.96205
0.279559 3.96205
1.665283 2.219371
1.519819 2.603552
1.671461 2.200721
1.904172 1.230746
0.495462 3.876871
1.20094 3.201165
1.428735 2.802213
1.478156 2.697767
1.430656 2.798291
1.205237 3.194701
1.205237 3.194701
1.205237 3.194701
1.703548 2.10001
1.578459 2.460068
1.575401 2.467895
0.505763 3.871556
0.795752 3.671679
1.701119 2.107873
1.701119 2.107873
1.701119 2.107873
1.871093 1.419285
1.872301 1.412897
1.694613 2.128728
0.313175 3.952012
0.313175 3.952012
1.696599 2.122391
1.218164 3.175039
1.613067 2.368589
1.613067 2.368589
1.379272 2.899613
1.379272 2.899613
1.61143 2.373043
1.61143 2.373043
1.864235 1.45494
1.6057 2.388524
1.6057 2.388524
1.563704 2.497466
1.560944 2.504362
0.817643 3.652409
1.464742 2.726865
1.464742 2.726865
1.247538 3.129107
0.387373 3.92569
1.538244 2.559914
1.538244 2.559914
1.538244 2.559914
1.897883 1.269014
1.897883 1.269014
1.897883 1.269014
0.82544 3.645394
0.82544 3.645394
0.82544 3.645394
1.542543 2.549547
1.542543 2.549547
1.456123 2.745262
1.456123 2.745262
1.456123 2.745262
1.456123 2.745262
0.531989 3.857496
1.859072 1.481137
1.859072 1.481137
0.866828 3.606799
0.376809 3.92979
0.376809 3.92979
0.376547 3.92989
0.374613 3.930628
0.374613 3.930628
1.077417 3.372315
1.077417 3.372315
1.077417 3.372315

1.97486 0.643044
1.97486 0.643044
1.97486 0.643044
1.97486 0.643044
1.755816 1.919085
1.784715 1.809316
1.784715 1.809316
1.73686 1.986882
1.73686 1.986882
1.731733 2.004702
0.752314 3.707687
0.769744 3.693361
1.894887 1.285275
1.894887 1.285275
1.689246 2.144799
0.706001 3.743909
0.850079 3.622265
1.028428 3.432423
1.028428 3.432423
1.028428 3.432423
0.857353 3.615406
0.682348 3.761394
1.000396 3.465384
0.67048 3.769913
1.46303 2.72984
0.961768 3.508831
0.907266 3.566384
0.924008 3.54916
0.915042 3.558434
0.915042 3.558434
0.915042 3.558434
1.441317 2.775647
1.09703 3.34643
1.663288 2.224463
0.404896 3.918313
0.616297 3.806683
1.659869 2.234651
1.659084 2.236982
1.659084 2.236982
1.63594 2.304146
1.649616 2.264815
1.637615 2.299384
1.637692 2.299163
0.273814 3.963366
1.282809 3.070969
1.563971 2.496019
1.617325 2.356118
1.617325 2.356118
1.559057 2.508285
1.274848 3.084196
1.376046 2.905094
1.376046 2.905094
1.34513 2.962426
1.34513 2.962426
1.426494 2.806102
1.426494 2.806102
0.188011 3.983247
1.489918 2.671051
1.489918 2.671051
0.240738 3.97192
0.240738 3.97192
1.580221 2.454747
1.927792 1.071755
1.927792 1.071755
1.927792 1.071755
1.927792 1.071755
1.927792 1.071755
1.927792 1.071755
1.555425 2.517285
1.555425 2.517285
1.382529 2.89276
1.270531 3.09131
0.475812 3.886356
0.475812 3.886356
1.551841 2.526117
0.298468 3.956259
0.192388 3.982414
0.192388 3.982414
1.268618 3.094451
0.479204 3.884691
0.194352 3.982034
0.194352 3.982034
0.194352 3.982034
1.544293 2.544547
1.387094 2.884008
1.387094 2.884008
1.387094 2.884008
1.838031 1.581453
1.838031 1.581453
1.838031 1.581453
1.838031 1.581453
0.482983 3.882821
0.482983 3.882821
1.186109 3.222646
1.533518 2.570477
1.836134 1.590246
1.416826 2.825622
1.416826 2.825622
1.416826 2.825622
1.416826 2.825622

