1.992473 0.995786
1.992473 0.995786
1.903004 1.550844
1.921807 1.45443
1.923666 1.444477
2.039724 0.439676
1.929275 1.413958
0.521805 3.936026
0.521805 3.936026
2.007462 0.862894
1.893335 1.597736
1.584988 2.611754
0.906623 3.663107
0.906623 3.663107
1.891017 1.608732
1.569361 2.648758
1.595808 2.585593
1.563955 2.66135
0.942396 3.628284
0.942396 3.628284
2.009825 0.839801
1.94224 1.34028
1.944214 1.328643
1.540903 2.713885
2.011167 0.826376
1.627301 2.506773
1.627649 2.505878
1.627649 2.505878
1.950029 1.293661
1.950029 1.293661
1.005898 3.562031
1.005898 3.562031
1.757374 2.130032
1.757374 2.130032
1.756274 2.133641
1.756274 2.133641
1.019863 3.546674
1.019863 3.546674
1.718625 2.252236
2.036791 0.495471
1.726131 2.229315
1.513147 2.774761
1.513147 2.774761
1.513035 2.775001
1.652732 2.44002
1.652732 2.44002
1.97863 1.10299
1.97863 1.10299
1.97863 1.10299
1.732582 2.209338
1.659611 2.421453
0.825233 3.735944
1.503065 2.796262
1.701581 2.303048
1.74278 2.177213
1.74278 2.177213
1.496623 2.809837
1.671569 2.388635
1.190411 3.334271
1.695731 2.32011
1.695731 2.32011
1.677035 2.373399
1.687479 2.343859
1.68705 2.345083
2.018109 0.752647
2.018109 0.752647
1.067932 3.491559
1.853788 1.774063
2.020017 0.730941
2.020017 0.730941
1.853958 1.773351
1.47267 2.859213
1.367889 3.056764
1.869869 1.705087
1.07557 3.482472
1.07557 3.482472
2.034619 0.532604
2.034619 0.532604
2.022881 0.696949
2.022881 0.696949
2.022881 0.696949
2.022881 0.696949
1.467849 2.868947
1.856839 1.761236
1.856839 1.761236
1.856839 1.761236
1.222636 3.288543
0.649175 3.865091
1.12884 3.416489
1.208072 3.309448
1.208072 3.309448
1.208072 3.309448
1.208072 3.309448
1.216323 3.297653
1.216323 3.297653
2.033726 0.547052
2.033726 0.547052
1.127339 3.418411
1.866965 1.717799
1.866965 1.717799

1.950253 1.297807
0.420245 3.98093
0.420245 3.98093
0.420245 3.98093
0.420245 3.98093
2.034728 0.544208
2.034728 0.544208
0.951228 3.620975
1.501458 2.802075
1.52069 2.760927
1.937863 1.370896
1.532656 2.734729
1.936535 1.378464
1.486087 2.834142
0.586522 3.903462
1.473303 2.860279
1.463996 2.879009
1.416998 2.969948
1.416998 2.969948
1.399628 3.00209
1.399628 3.00209
0.899315 3.671511
1.928946 1.420808
1.825849 1.890196
1.837396 1.844921
1.013564 3.555268
0.664118 3.856843
0.654949 3.86271
0.654949 3.86271
0.654949 3.86271
0.654949 3.86271
0.654949 3.86271
1.738084 2.195313
1.882746 1.651574
1.65254 2.443392
1.029438 3.537626
1.586793 2.610065
1.586793 2.610065
0.784825 3.77032
1.697482 2.318058
1.915223 1.49383
1.179523 3.351133
1.179523 3.351133
1.731279 2.216581
1.731279 2.216581
1.342539 3.10257
1.180397 3.349937
1.914614 1.496975
1.774883 2.074844
0.847374 3.71844
0.847374 3.71844
1.728062 2.226536
1.728062 2.226536
1.728062 2.226536
1.728062 2.226536
1.636251 2.486409
0.83942 3.725315
1.988165 1.037386
1.988165 1.037386
1.114788 3.436098
1.114788 3.436098
1.274655 3.212542
1.873902 1.691465
1.045173 3.519763
1.63225 2.496794
1.63225 2.496794
1.811031 1.946303
0.804101 3.75486
0.804101 3.75486
0.804101 3.75486
0.804101 3.75486
0.804101 3.75486
2.008537 0.860793
1.599135 2.580134
1.851118 1.789187
1.600342 2.577176
1.600342 2.577176
2.009242 0.853947
2.009242 0.853947
1.684963 2.354008
1.318302 3.142966
1.607899 2.558517
1.10153 3.45263
1.10153 3.45263
1.059475 3.503198
1.059475 3.503198
1.672173 2.389891
1.619758 2.528771
1.619758 2.528771
1.619758 2.528771
2.017417 0.769665
1.06641 3.495051
1.324388 3.132944
1.324388 3.132944
1.324388 3.132944
1.324388 3.132944
1.324388 3.132944
1.324388 3.132944
1.896283 1.588127
1.896283 1.588127

1.97172 1.158137
1.964449 1.207387
1.958565 1.245627
2.034031 0.55447
2.034031 0.55447
2.034031 0.55447
0.92213 3.64966
1.951901 1.28737
2.040284 0.443803
1.237388 3.268764
1.237388 3.268764
2.031036 0.59953
1.174257 3.3582
1.174257 3.3582
1.251324 3.248013
2.001265 0.927645
1.818667 1.917424
1.710649 2.279122
1.78908 2.025451
1.824415 1.895481
1.78827 2.028299
1.78827 2.028299
1.827828 1.882296
1.831384 1.86843
1.291565 3.185931
1.697815 2.316897
1.697815 2.316897
0.980991 3.590201
1.882387 1.652947
1.877269 1.676147
1.552154 2.690858
2.004827 0.895347
1.870622 1.7057
1.864501 1.732363
1.86375 1.735598
2.020299 0.736797
2.020299 0.736797
2.020299 0.736797
1.849629 1.795091
2.04435 0.350465
1.541786 2.714262
1.541786 2.714262
1.853084 1.780767
1.853084 1.780767
1.509878 2.784049
2.006799 0.876892
2.006799 0.876892
1.935703 1.382854
2.018454 0.757646
0.534106 3.931052
0.534106 3.931052
0.534106 3.931052
1.534932 2.729535
1.534932 2.729535
1.534932 2.729535
2.017773 0.765176
1.469809 2.867193
1.469809 2.867193
1.47871 2.849133
1.47871 2.849133
1.47871 2.849133
1.47871 2.849133
2.010513 0.840923
2.011139 0.834689
2.011139 0.834689
0.549218 3.923387
0.549218 3.923387
2.048041 0.227012
1.676016 2.37901
1.676016 2.37901
0.586013 3.903669
0.833845 3.729993
0.833845 3.729993
0.833845 3.729993
0.833845 3.729993
0.833845 3.729993
2.045381 0.321708
0.678114 3.847616
1.617526 2.534239
1.423114 2.958305
2.04786 0.235001
2.04786 0.235001
1.898982 1.574818
1.898982 1.574818
1.76458 2.109336
2.045665 0.313226
2.045665 0.313226
2.045665 0.313226
1.324819 3.132101
1.324819 3.132101
1.418992 2.966066
1.418992 2.966066
0.619624 3.884334
1.606092 2.56283
1.606563 2.561661
1.606563 2.561661
1.606563 2.561661
1.606563 2.561661
1.606563 2.561661
1.606563 2.561661

1.202693 3.318822
1.20425 3.316623
1.167763 3.36699
1.167763 3.36699
1.226079 3.28533
1.24739 3.253909
2.023442 0.699691
1.312868 3.151719
1.735554 2.203051
2.021973 0.717302
0.796876 3.76062
0.796876 3.76062
0.796876 3.76062
0.796876 3.76062
1.820745 1.90953
1.344434 3.099223
1.344434 3.099223
1.630056 2.502282
1.629695 2.503213
1.755614 2.138905
1.7837 2.044277
1.624053 2.517678
1.624053 2.517678
1.782687 2.047796
1.618754 2.531137
1.354993 3.081167
1.357497 3.076848
1.669512 2.397067
1.041533 3.523824
1.041533 3.523824
0.846238 3.719335
0.846238 3.719335
0.846238 3.719335
1.674704 2.38267
1.766079 2.104336
1.766079 2.104336
1.592064 2.597185
1.772519 2.082661
1.696931 2.319465
1.696931 2.319465
1.771015 2.087751
1.771015 2.087751
1.695253 2.324328
1.689862 2.33985
1.691181 2.336066
1.691181 2.336066
1.976797 1.122296
1.976797 1.122296
1.976797 1.122296
1.400789 2.999826
1.400859 2.999699
0.621523 3.883203
0.621523 3.883203
0.621523 3.883203
0.621523 3.883203
0.621523 3.883203
0.621523 3.883203
0.621523 3.883203
0.621523 3.883203
1.403641 2.994593
1.403641 2.994593
1.025155 3.542318
1.025155 3.542318
1.832239 1.865075
1.576478 2.634465
1.429563 2.946071
1.429563 2.946071
1.009552 3.559564
0.938762 3.633351
0.938762 3.633351
1.006838 3.562527
1.934114 1.391812
2.004925 0.894434
1.928685 1.421925
1.862918 1.739177
1.895323 1.592442
1.89527 1.592699
0.967235 3.604536
1.968598 1.179567
1.89414 1.598092
1.996602 0.968129
1.996602 0.968129
1.954358 1.272163
1.893881 1.599327
1.893881 1.599327
1.893881 1.599327
0.9496 3.622517
0.9496 3.622517
0.9496 3.622517
0.9496 3.622517
1.879682 1.665258
1.926015 1.436459
1.878005 1.672835
1.502568 2.799578
1.995859 0.97441
1.499845 2.805322
1.939959 1.358519
1.939959 1.358519
1.939959 1.358519
1.450851 2.904902

0.935373 3.636706
0.89166 3.678558
0.89166 3.678558
1.072972 3.487167
1.71549 2.264628
1.077639 3.481593
1.729682 2.22133
1.094198 3.461539
2.034056 0.554069
2.026782 0.657722
2.03454 0.546392
2.034979 0.539327
2.034979 0.539327
2.023587 0.697927
2.023587 0.697927
1.749299 2.159391
1.749299 2.159391
1.681509 2.363594
1.276607 3.20939
1.276389 3.209728
1.333335 3.117931
1.813876 1.935463
1.855353 1.771278
1.844401 1.816492
1.801118 1.982446
1.823016 1.900853
1.823016 1.900853
1.265356 3.226734
0.54192 3.92712
0.54192 3.92712
1.83219 1.865268
1.83219 1.865268
1.990271 1.020252
1.990374 1.019428
1.990699 1.016823
1.990699 1.016823
1.781589 2.051598
1.781589 2.051598
1.993225 0.996309
1.771189 2.087162
1.771189 2.087162
1.771189 2.087162
1.863058 1.738574
0.709074 3.826571
1.999035 0.947242
1.975891 1.128788
1.967595 1.186359
1.967595 1.186359
1.968534 1.180005
1.968534 1.180005
1.968534 1.180005
1.968534 1.180005
2.016755 0.776296
2.016755 0.776296
1.940187 1.357202
1.940187 1.357202
2.013981 0.805717
0.695889 3.835671
0.695889 3.835671
2.008044 0.86502
2.008044 0.86502
2.008936 0.856399
2.009807 0.847884
2.009807 0.847884
1.232071 3.276582
1.872013 1.699566
1.420349 2.963516
1.872953 1.695409
1.935992 1.381214
1.657409 2.430114
1.403858 2.994194
1.171356 3.362136
1.171356 3.362136
1.640052 2.4763
1.555278 2.683734
1.555278 2.683734
1.565142 2.661011
1.64178 2.471765
1.567184 2.656264
1.571901 2.64524
1.547965 2.700358
1.932697 1.399741
1.932697 1.399741
1.932207 1.402472
1.433234 2.939057
1.433234 2.939057
1.433234 2.939057
1.433234 2.939057
1.494119 2.817323
1.494119 2.817323
1.376385 3.043796
1.376385 3.043796
1.651607 2.445708
1.651607 2.445708
1.651607 2.445708
1.651607 2.445708
1.651607 2.445708
1.376947 3.042799
1.376947 3.042799
1.586114 2.611526

0.40797 3.985407
0.40797 3.985407
0.40797 3.985407
0.40797 3.985407
0.40797 3.985407
0.780987 3.773255
0.809391 3.750446
2.043008 0.384192
2.043008 0.384192
1.882274 1.653463
1.953343 1.278473
1.953343 1.278473
2.042119 0.404754
2.042119 0.404754
1.887544 1.629154
1.972357 1.153711
1.860026 1.751536
1.860026 1.751536
2.040333 0.4428
2.040233 0.444838
0.893017 3.677298
1.196151 3.32801
1.140384 3.403245
1.140384 3.403245
1.130115 3.416513
1.213663 3.303237
1.108509 3.443852
1.830747 1.870925
1.755296 2.139942
1.934561 1.389299
1.23068 3.278618
1.069611 3.491158
1.069611 3.491158
1.825567 1.891044
1.807907 1.957631
1.930672 1.410991
1.770665 2.088932
1.821599 1.906273
1.821599 1.906273
1.821599 1.906273
1.820764 1.909455
1.609992 2.553137
1.039546 3.526089
1.039546 3.526089
1.039546 3.526089
1.662759 2.415595
1.662759 2.415595
2.0144 0.801348
2.0144 0.801348
1.61876 2.531123
1.778504 2.062238
1.9853 1.059186
1.9853 1.059186
1.786662 2.033942
2.027627 0.646635
1.257044 3.239386
1.257044 3.239386
1.257044 3.239386
1.922916 1.453118
1.922916 1.453118
1.920579 1.465535
1.47096 2.864869
1.918209 1.478
1.918209 1.478
1.918209 1.478
1.918209 1.478
1.468291 2.870249
1.783562 2.044754
1.783562 2.044754
1.783562 2.044754
1.783562 2.044754
1.346263 3.096114
1.343198 3.10132
1.343198 3.10132
1.696868 2.319648
1.696868 2.319648
1.696868 2.319648
1.696868 2.319648
1.696868 2.319648
2.017262 0.770778
1.277272 3.208356
2.000899 0.930893
1.737749 2.196162
1.737749 2.196162
1.284431 3.197176
1.714993 2.266122
2.026439 0.662174
2.026439 0.662174
2.026439 0.662174
1.494448 2.816636
1.650595 2.448412
1.291941 3.185336
1.378439 3.04015
1.378439 3.04015
1.596487 2.586436
1.596487 2.586436
1.63535 2.488577
1.63535 2.488577
1.63535 2.488577
1.648704 2.453453

0.856919 3.70999
0.856919 3.70999
0.856919 3.70999
1.126009 3.421768
1.126009 3.421768
1.159942 3.377478
1.179443 3.351126
1.179443 3.351126
1.229836 3.279852
2.028438 0.635769
2.036549 0.513136
2.038322 0.481633
1.921391 1.461235
1.478035 2.850511
2.04007 0.4481
1.445014 2.916312
1.445014 2.916312
1.901941 1.560384
2.040749 0.434291
2.040749 0.434291
2.040749 0.434291
2.040749 0.434291
1.900201 1.568889
1.698068 2.316162
1.340892 3.105224
1.685793 2.351462
1.685793 2.351462
1.685793 2.351462
2.0176 0.767078
1.70092 2.307841
1.431824 2.941756
1.823028 1.900806
2.005263 0.891302
1.344141 3.09972
1.863151 1.738176
1.896866 1.585038
1.819923 1.912657
1.819923 1.912657
2.00623 0.882256
2.00623 0.882256
1.856954 1.764547
1.611336 2.549784
1.847212 1.805027
1.422249 2.959937
1.752857 2.147883
1.843999 1.818128
1.843999 1.818128
1.846218 1.80909
1.846104 1.809555
1.998374 0.952973
1.656542 2.432454
1.955018 1.268041
2.015397 0.790854
1.954248 1.272849
1.931336 1.407314
1.931336 1.407314
2.011175 0.834333
1.997576 0.959831
1.960987 1.230052
1.959154 1.241857
1.811407 1.944672
1.746363 2.168822
1.995946 0.973676
2.014689 0.798321
2.014689 0.798321
2.014689 0.798321
2.014689 0.798321
1.890365 1.615957
1.874375 1.689092
1.874375 1.689092
1.948867 1.305873
1.948867 1.305873
1.947736 1.312694
1.8752 1.685415
1.61795 2.533168
1.941324 1.350606
1.94027 1.356721
1.935132 1.386082
1.935132 1.386082
1.935132 1.386082
1.885383 1.639174
1.977036 1.120576
1.977036 1.120576
1.882502 1.652417
1.882502 1.652417
1.883911 1.64596
1.977307 1.118621
1.760524 2.122782
1.65077 2.447946
1.65077 2.447946
1.65077 2.447946
1.65077 2.447946
1.575771 2.636135
1.97255 1.152362
1.97255 1.152362
1.968334 1.181359
1.968334 1.181359
1.968334 1.181359
1.968334 1.181359
1.729322 2.222442

0.613965 3.887678
1.421491 2.961365
0.869999 3.698343
0.869999 3.698343
0.869999 3.698343
0.869999 3.698343
1.415092 2.973371
1.407372 2.987715
2.04667 0.280738
2.04667 0.280738
1.061583 3.500623
1.0275 3.539696
1.0275 3.539696
1.0275 3.539696
1.0275 3.539696
2.041099 0.426951
1.116986 3.433218
1.135944 3.409003
1.135944 3.409003
2.045919 0.305385
2.045919 0.305385
2.045919 0.305385
2.045919 0.305385
1.347561 3.093903
1.993542 0.993704
2.038694 0.474724
1.343196 3.101323
1.750389 2.155876
1.566658 2.657487
1.566658 2.657487
1.568717 2.652689
1.178027 3.353062
2.007302 0.872118
2.021556 0.722214
2.021556 0.722214
2.037178 0.502215
1.574865 2.638271
1.328414 3.126139
1.756825 2.134943
1.70607 2.292705
1.640041 2.476331
1.6414 2.472765
1.647607 2.456368
1.647607 2.456368
2.008407 0.861518
2.008407 0.861518
1.584459 2.615492
2.027832 0.643907
2.009143 0.85439
1.598534 2.581436
1.598534 2.581436
1.595546 2.58873
1.701292 2.306754
1.700771 2.30828
2.028964 0.628624
1.7624 2.116578
1.664328 2.41131
1.76272 2.115517
1.670753 2.393637
1.670753 2.393637
1.697184 2.318732
1.697184 2.318732
1.689792 2.340051
1.76893 2.094777
2.016046 0.783926
2.016046 0.783926
2.016046 0.783926
2.016046 0.783926
2.030843 0.602301
1.213012 3.304168
1.213012 3.304168
1.213012 3.304168
1.213012 3.304168
1.302216 3.168946
1.302216 3.168946
1.302216 3.168946
2.0336 0.561196
2.0336 0.561196
2.032404 0.579436
2.032404 0.579436
1.229852 3.279829
2.033317 0.565575
1.915791 1.49059
1.911412 1.513071
1.918565 1.476134
1.985876 1.054758
1.782578 2.048174
1.782578 2.048174
1.277311 3.208295
1.920503 1.465937
1.260819 3.233656
1.260819 3.233656
1.92201 1.457945
1.78495 2.039922
1.78495 2.039922
1.26618 3.225472
1.26618 3.225472
1.26618 3.225472
1.904696 1.546801
1.925368 1.439958

2.037321 0.49969
2.037321 0.49969
0.931587 3.640434
2.024988 0.680623
1.534682 2.73009
1.534393 2.730729
1.696994 2.319282
1.718282 2.256204
1.718936 2.254225
2.021701 0.72051
1.200953 3.321273
1.829726 1.874913
0.966826 3.604957
0.966826 3.604957
0.966826 3.604957
1.732587 2.212316
1.737608 2.196605
1.769962 2.091304
1.57681 2.63368
1.749484 2.158796
1.75594 2.13784
1.755604 2.138936
1.985314 1.059077
1.985314 1.059077
1.780014 2.057041
0.990792 3.579822
1.00979 3.559304
1.583831 2.616991
1.583831 2.616991
1.162111 3.37458
1.595745 2.588245
1.595745 2.588245
1.595745 2.588245
1.941574 1.349153
1.488942 2.82809
1.488942 2.82809
2.018122 0.761319
2.018122 0.761319
1.975095 1.134453
1.313332 3.150963
1.231209 3.277844
0.671703 3.851834
0.671703 3.851834
1.99503 0.98136
1.99503 0.98136
1.99503 0.98136
1.99503 0.98136
1.668071 2.40104
1.48293 2.840492
1.232961 3.275278
1.973184 1.147933
1.894095 1.598307
1.972614 1.151918
0.663866 3.856925
0.663866 3.856925
1.058952 3.503702
1.058952 3.503702
1.629611 2.503428
1.811663 1.943719
2.014181 0.803642
2.014181 0.803642
1.336736 3.112228
1.336736 3.112228
1.944794 1.330244
1.969608 1.172687
2.003406 0.908384
2.003406 0.908384
1.470701 2.865392
1.470701 2.865392
0.537268 3.929469
0.537268 3.929469
0.537268 3.929469
0.537268 3.929469
1.342193 3.103023
1.809176 1.952945
1.809176 1.952945
1.799703 1.987566
1.799703 1.987566
1.953528 1.277321
1.946588 1.319572
1.946588 1.319572
2.005537 0.888745
1.807575 1.958852
1.409254 2.984231
1.409254 2.984231
1.409254 2.984231
1.409254 2.984231
1.947501 1.314104
1.948086 1.310588
1.802632 1.976948
1.802632 1.976948
1.133243 3.41249
1.133243 3.41249
1.133243 3.41249
1.283432 3.198743
2.010206 0.84396
1.960175 1.235297
1.435037 2.9356
1.907233 1.534164
1.446413 2.913585

0.590003 3.90144
2.000791 0.931852
2.000791 0.931852
0.944452 3.627684
1.232932 3.27532
2.026459 0.66191
1.226838 3.284224
1.993431 0.994615
1.993431 0.994615
0.659774 3.859554
1.222371 3.290707
0.671038 3.852269
0.671038 3.852269
0.856922 3.709987
0.856922 3.709987
0.856922 3.709987
0.856922 3.709987
0.720343 3.818629
0.720343 3.818629
2.029749 0.617783
2.029749 0.617783
1.842483 1.824265
1.82406 1.896847
0.802012 3.756469
0.802012 3.756469
1.515655 2.771659
1.061495 3.500727
1.845132 1.813522
1.845132 1.813522
1.529561 2.741393
1.505224 2.793955
1.066955 3.494302
1.549074 2.697849
1.172694 3.360322
1.496611 2.812112
1.81258 1.940305
1.568182 2.653938
1.570753 2.647931
1.470795 2.865204
1.330689 3.122351
1.95962 1.238867
1.579376 2.627603
1.579376 2.627603
1.94466 1.331037
1.14296 3.399889
1.456465 2.89384
1.425715 2.953384
1.450523 2.905546
1.450523 2.905546
1.450523 2.905546
1.337552 3.110856
1.974154 1.141114
1.131855 3.414276
1.410533 2.981859
1.60395 2.568125
1.677859 2.373854
1.677859 2.373854
1.677859 2.373854
1.649522 2.451275
1.611302 2.54987
1.972233 1.15457
1.615444 2.539485
1.941235 1.35112
1.660943 2.420539
1.660943 2.420539
1.660943 2.420539
1.79986 1.986998
1.79986 1.986998
1.799852 1.987027
1.112937 3.438313
1.109254 3.442922
1.109254 3.442922
1.109254 3.442922
1.109628 3.442456
1.754302 2.143184
1.624835 2.515679
1.624835 2.515679
1.629515 2.503677
1.629515 2.503677
1.794358 2.006748
1.747834 2.164103
1.968458 1.180521
1.968458 1.180521
1.968458 1.180521
1.968458 1.180521
1.968458 1.180521
1.968458 1.180521
1.703617 2.299934
1.703617 2.299934
1.869477 1.710725
1.923907 1.447817
1.923907 1.447817
1.742726 2.180426
1.742641 2.180697
1.936965 1.375687
1.936042 1.380935
1.884219 1.644542
1.884219 1.644542
1.734752 2.20556
1.765382 2.106662

0.57403 3.910255
2.042165 0.403724
2.037473 0.496992
2.037473 0.496992
1.598852 2.580658
1.133309 3.412405
1.040713 3.524759
1.97906 1.105892
1.981951 1.084538
2.034487 0.547244
1.975268 1.133222
1.581744 2.621972
1.581322 2.622978
1.63112 2.499538
1.147656 3.393741
1.025884 3.541504
1.025884 3.541504
1.151297 3.388949
1.989607 1.025553
1.966234 1.195505
1.561673 2.669042
2.015386 0.790967
1.87234 1.698124
1.306977 3.161275
2.019444 0.74653
2.019447 0.746502
0.999362 3.570632
1.398534 3.003951
2.02924 0.62484
1.553987 2.686682
1.723229 2.241168
1.877731 1.67407
1.877731 1.67407
1.32967 3.124049
1.32967 3.124049
1.404396 2.993204
2.012465 0.821314
2.022634 0.709437
1.33629 3.112977
1.882424 1.652775
0.746853 3.799344
0.746853 3.799344
0.746853 3.799344
0.746853 3.799344
1.904749 1.546537
1.904749 1.546537
1.895585 1.591191
1.849641 1.795042
1.849641 1.795042
1.353404 3.083901
1.890082 1.61729
1.891382 1.61117
1.345142 3.09802
1.345142 3.09802
1.186472 3.341463
1.729319 2.222453
2.027121 0.653294
2.027121 0.653294
2.027121 0.653294
2.027121 0.653294
1.416606 2.97054
1.418142 2.967662
1.824767 1.894128
0.959436 3.612542
1.844007 1.818095
1.844007 1.818095
1.819495 1.914284
1.463555 2.879743
0.953363 3.618717
1.836251 1.849229
1.817902 1.920318
1.839316 1.837006
1.477097 2.852423
1.815971 1.927601
1.449142 2.908253
1.449012 2.908506
1.483625 2.839064
1.996467 0.969277
1.439137 2.927707
1.439137 2.927707
1.203871 3.317159
1.94035 1.356258
0.936329 3.635761
1.942695 1.342603
1.942695 1.342603
1.956544 1.258452
1.956544 1.258452
1.956544 1.258452
1.944754 1.330478
1.657019 2.431167
1.657019 2.431167
1.657019 2.431167
1.798327 1.992528
1.798327 1.992528
1.761911 2.118197
1.797451 1.995677
1.797451 1.995677
1.917491 1.481748
1.949042 1.304811
1.792272 2.014166

2.041854 0.410652
2.041854 0.410652
1.895 1.593987
1.934745 1.388262
1.934745 1.388262
1.936651 1.377475
1.936651 1.377475
2.032714 0.574773
2.032714 0.574773
2.032714 0.574773
1.949747 1.300536
1.047758 3.516687
1.029597 3.537342
1.029597 3.537342
1.964533 1.206832
1.120715 3.428502
0.965884 3.605928
1.134447 3.410937
1.134464 3.410915
0.961284 3.610653
1.970855 1.164118
1.585947 2.611926
1.55669 2.680501
1.828632 1.879174
1.722483 2.243445
1.728862 2.223867
0.925575 3.646314
1.849311 1.796403
1.740228 2.188344
1.697592 2.317545
1.701819 2.305212
1.701819 2.305212
1.6833 2.358532
1.6833 2.358532
1.550745 2.694061
1.550745 2.694061
0.794301 3.762689
1.673324 2.386508
1.743505 2.177948
2.002014 0.920953
1.600202 2.57735
1.186003 3.342109
1.186003 3.342109
1.186003 3.342109
1.860242 1.750617
1.860242 1.750617
1.860242 1.750617
0.771663 3.780524
0.771663 3.780524
1.821486 1.906706
1.999677 0.941647
1.200299 3.322193
1.85949 1.753816
1.859736 1.75277
1.859736 1.75277
0.905601 3.665493
1.218503 3.29629
1.998206 0.954421
1.998206 0.954421
1.533657 2.732358
0.885382 3.684357
0.697925 3.834279
1.42232 2.959803
1.42192 2.960557
1.758141 2.130629
0.699912 3.832917
0.699912 3.832917
0.699912 3.832917
0.699912 3.832917
1.43064 2.944018
1.76007 2.124281
1.431711 2.941971
1.760446 2.123041
2.019601 0.744758
2.019601 0.744758
2.019601 0.744758
2.010277 0.843254
2.010277 0.843254
0.723977 3.816035
0.723977 3.816035
1.776351 2.069617
1.778771 2.061319
1.778579 2.061979
1.777354 2.066182
1.777354 2.066182
0.857976 3.709057
0.857976 3.709057
0.857976 3.709057
0.857976 3.709057
0.857976 3.709057
1.645637 2.461592
1.811506 1.944302
2.018668 0.75525
1.519528 2.763292
1.644151 2.465519
1.250781 3.248828
1.615744 2.538732
1.64251 2.469845
1.991931 1.006881
1.991931 1.006881

0.771692 3.780502
1.262406 3.23124
1.262406 3.23124
0.893574 3.676779
2.036313 0.517163
1.742979 2.179621
1.194416 3.330434
1.943572 1.337458
1.943572 1.337458
1.4798 2.846907
2.04211 0.404956
2.04211 0.404956
2.04211 0.404956
2.04211 0.404956
2.04211 0.404956
2.04211 0.404956
1.478311 2.849947
1.997224 0.962837
1.285156 3.196038
1.999588 0.942432
1.493663 2.818274
1.497334 2.810597
1.502985 2.798698
1.502404 2.799925
1.61123 2.550048
1.549409 2.69709
1.549409 2.69709
2.033077 0.569247
2.033077 0.569247
1.183227 3.345934
2.032078 0.584297
1.606134 2.562724
1.606134 2.562724
1.992312 1.003783
1.992312 1.003783
1.300818 3.171188
2.008063 0.864835
2.008063 0.864835
1.683373 2.358326
1.683373 2.358326
1.920988 1.463368
1.920988 1.463368
1.563744 2.664252
1.563744 2.664252
1.431473 2.942427
1.989316 1.027859
1.867909 1.717583
1.867909 1.717583
1.867909 1.717583
1.949958 1.299253
1.949958 1.299253
1.949958 1.299253
1.81933 1.914909
1.660615 2.421429
2.010123 0.844775
1.869533 1.710483
1.316566 3.145682
1.595013 2.590027
2.011723 0.828824
2.011723 0.828824
1.666453 2.405486
1.675419 2.380677
1.675419 2.380677
1.675419 2.380677
1.875172 1.685538
1.88438 1.643799
1.957577 1.251914
1.878274 1.67162
1.582975 2.619038
1.668811 2.399002
1.668811 2.399002
1.586259 2.611177
1.586259 2.611177
1.162453 3.374123
1.162453 3.374123
1.759004 2.127792
2.027021 0.654606
2.027021 0.654606
1.420978 2.962333
1.106696 3.446112
2.02615 0.665889
2.02615 0.665889
2.02615 0.665889
1.078991 3.479972
1.789537 2.02384
2.024493 0.686795
1.890538 1.615146
1.890538 1.615146
1.913606 1.501857
1.913606 1.501857
1.913606 1.501857
1.981786 1.085767
1.337011 3.111766
1.075355 3.484326
1.075355 3.484326
1.981518 1.087762
1.139499 3.404396
1.139499 3.404396
1.894263 1.597506
1.124305 3.42394

0.682944 3.844664
0.682944 3.844664
1.942049 1.347436
1.93814 1.370019
1.958241 1.248828
1.960645 1.233415
1.528774 2.743616
1.522214 2.757951
0.799342 3.75891
2.02936 0.625454
2.02936 0.625454
1.275315 3.211787
1.496051 2.813761
1.496051 2.813761
0.822625 3.739755
0.822625 3.739755
0.822625 3.739755
1.978599 1.110533
1.978599 1.110533
1.978693 1.109847
1.684402 2.356004
1.082068 3.476613
1.472825 2.861566
1.90904 1.526016
1.90904 1.526016
1.695036 2.325557
1.470115 2.86704
1.086584 3.471156
1.086584 3.471156
1.086584 3.471156
1.983327 1.075516
1.663782 2.413377
1.599875 2.578683
1.772422 2.083666
1.905154 1.545446
1.768037 2.098451
2.003976 0.904744
2.003976 0.904744
1.904637 1.54801
1.662333 2.417329
1.904477 1.548802
1.450369 2.906305
1.014708 3.554229
1.014708 3.554229
1.815043 1.93182
1.657138 2.431416
1.710155 2.281206
1.710155 2.281206
1.710155 2.281206
1.710155 2.281206
2.023248 0.704073
2.023248 0.704073
1.725694 2.234248
1.651648 2.446165
1.731206 2.217239
1.731206 2.217239
1.806191 1.964663
1.806191 1.964663
1.806191 1.964663
1.783729 2.044865
1.783729 2.044865
1.989769 1.02564
0.956931 3.615407
2.0158 0.788364
1.368526 3.058074
1.368526 3.058074
1.368526 3.058074
1.368526 3.058074
1.368526 3.058074
1.889597 1.620442
1.889597 1.620442
1.398565 3.004331
1.788628 2.027737
1.788628 2.027737
1.389706 3.020407
1.991063 1.015296
1.991063 1.015296
1.740941 2.186729
1.740941 2.186729
1.750079 2.157527
1.750079 2.157527
1.750079 2.157527
1.750079 2.157527
1.796443 2
1.796443 2
1.796443 2
1.745265 2.172983
1.638138 2.481868
1.638138 2.481868
0.907741 3.663765
0.973259 3.598606
1.992249 1.005705
1.844434 1.817139
1.612882 2.546458
1.612882 2.546458
1.635594 2.488497
1.635594 2.488497
1.40509 2.992364
1.40509 2.992364
1.405182 2.992194

2.039212 0.464899
2.039212 0.464899
0.896609 3.67395
0.92611 3.645793
0.7954 3.761808
0.413399 3.983417
1.914467 1.497428
0.738397 3.805587
1.015798 3.552705
0.693607 3.837226
0.693607 3.837226
2.010933 0.836742
2.010933 0.836742
1.864163 1.733822
1.42027 2.963664
1.860161 1.75096
1.856033 1.768423
1.856033 1.768423
1.440609 2.924862
1.934969 1.386998
2.02251 0.71092
1.44628 2.913846
1.44628 2.913846
0.541639 3.927262
0.541639 3.927262
2.022013 0.716824
2.022013 0.716824
2.022013 0.716824
2.022013 0.716824
2.022013 0.716824
2.022013 0.716824
0.535958 3.930126
0.535958 3.930126
0.535958 3.930126
0.535958 3.930126
0.535958 3.930126
1.937068 1.375102
1.830128 1.873341
1.839595 1.835889
1.838237 1.84132
1.564364 2.662817
1.564364 2.662817
1.702827 2.302255
1.702827 2.302255
1.702827 2.302255
1.366746 3.060768
1.939721 1.359894
1.55306 2.688796
1.824054 1.89687
1.824054 1.89687
1.824054 1.89687
1.263988 3.228825
1.263988 3.228825
1.959084 1.242308
1.959084 1.242308
1.942051 1.34637
1.953214 1.279268
1.950128 1.298222
1.721156 2.247488
1.359672 3.073085
1.946126 1.322333
1.946126 1.322333
1.750883 2.15428
1.727292 2.228707
1.967139 1.189433
1.967139 1.189433
1.967139 1.189433
1.732592 2.212297
1.732087 2.213871
1.732087 2.213871
1.732087 2.213871
1.678384 2.372384
1.775806 2.071477
1.803645 1.973255
1.289226 3.18963
1.787621 2.030578
1.9737 1.144312
1.170121 3.363807
1.591015 2.599724
1.528972 2.742688
1.528972 2.742688
1.528972 2.742688
1.528972 2.742688
1.528972 2.742688
1.516153 2.770584
1.975342 1.132694
1.974468 1.138896
1.974879 1.135984
1.158186 3.379819
1.593201 2.59443
1.296041 3.178823
1.296041 3.178823
1.79315 2.011048
1.798582 1.99161
1.798582 1.99161
1.629433 2.503887
1.795131 2.003989
1.795131 2.003989
1.797187 1.996627
1.765294 2.106954

0.490501 3.951773
0.54849 3.923762
2.043875 0.362806
2.046565 0.284333
2.046565 0.284333
2.046565 0.284333
2.046565 0.284333
2.046565 0.284333
2.046565 0.284333
0.719578 3.819172
0.719578 3.819172
1.730853 2.217703
1.730853 2.217703
1.791596 2.016562
1.454384 2.897951
1.454384 2.897951
1.454384 2.897951
0.84796 3.717839
0.84796 3.717839
1.617415 2.534519
1.608447 2.556984
1.806165 1.964037
1.806165 1.964037
1.806753 1.961876
1.344623 3.098903
1.407015 2.988374
1.407015 2.988374
1.401003 2.999434
1.680363 2.366823
1.361236 3.070371
1.370008 3.055048
1.370008 3.055048
1.365998 3.062075
1.127961 3.419273
1.127961 3.419273
1.589781 2.602703
1.819275 1.915117
1.819275 1.915117
1.112867 3.4384
1.827104 1.885102
1.639824 2.476898
1.927422 1.428821
1.925847 1.437367
1.102446 3.451387
1.882507 1.652397
1.644319 2.465074
1.644319 2.465074
1.672393 2.389095
1.672393 2.389095
1.924175 1.446381
1.866073 1.725566
0.900924 3.669905
0.900924 3.669905
0.900924 3.669905
0.904563 3.666475
1.884585 1.642858
1.923036 1.452479
1.977704 1.115755
1.977704 1.115755
1.977704 1.115755
1.521128 2.759821
1.521128 2.759821
1.921277 1.461837
1.164271 3.371686
1.164271 3.371686
1.839546 1.836087
1.29895 3.174179
1.863108 1.738359
1.863108 1.738359
1.863108 1.738359
1.90135 1.563277
1.90135 1.563277
1.912926 1.505342
1.912926 1.505342
1.912926 1.505342
1.912926 1.505342
1.888316 1.625557
1.888316 1.625557
1.888316 1.625557
1.899322 1.573163
1.899322 1.573163
1.663033 2.414847
1.663033 2.414847
1.663033 2.414847
1.663033 2.414847
1.296128 3.178683
1.89483 1.594802
1.295256 3.180072
1.959694 1.238389
1.959694 1.238389
1.287599 3.192197
1.968939 1.177249
1.968939 1.177249
1.278598 3.206293
1.278598 3.206293
1.278598 3.206293
1.278598 3.206293
1.278598 3.206293
1.842599 1.823797
1.171728 3.361632

2.030138 0.612322
0.554834 3.920474
0.554834 3.920474
1.010553 3.558468
1.030068 3.536813
1.588565 2.605635
1.039802 3.525797
2.034705 0.543744
2.012692 0.818997
1.59964 2.578726
1.577783 2.63138
1.812504 1.940589
1.797425 1.995772
1.797425 1.995772
1.718099 2.25676
1.713492 2.270624
1.713492 2.270624
1.96113 1.229121
1.965541 1.200135
1.562076 2.668111
1.293293 3.183192
1.971913 1.156797
1.971913 1.156797
0.939428 3.63269
0.939428 3.63269
1.872332 1.698158
1.627359 2.509219
1.826213 1.88855
1.991779 1.008109
1.991935 1.006844
1.993226 0.996302
1.993226 0.996302
0.790277 3.765906
0.790277 3.765906
1.977948 1.113986
1.977948 1.113986
1.977948 1.113986
2.038504 0.478258
2.007657 0.868725
2.007657 0.868725
1.101864 3.452106
1.267329 3.223711
1.267329 3.223711
0.857632 3.709361
0.857632 3.709361
1.894486 1.596443
0.892349 3.677919
0.892349 3.677919
0.892349 3.677919
0.892349 3.677919
1.260607 3.233979
1.333831 3.117102
1.333831 3.117102
2.000568 0.933817
1.109494 3.442623
0.643698 3.869697
2.005657 0.887628
2.005657 0.887628
2.004132 0.901746
0.646162 3.868162
0.646162 3.868162
1.86578 1.726835
0.76681 3.784265
1.865619 1.727531
1.896808 1.58532
1.425982 2.952877
1.425324 2.954123
1.342145 3.103104
1.342145 3.103104
2.044879 0.336066
2.044879 0.336066
2.044879 0.336066
2.044879 0.336066
1.438448 2.929037
1.438448 2.929037
1.438448 2.929037
1.448531 2.909447
1.861463 1.745409
1.835427 1.852498
1.772458 2.082869
1.645041 2.463168
1.645041 2.463168
1.475225 2.856232
1.125937 3.42186
1.476312 2.854022
1.476312 2.854022
1.395435 3.009598
1.678977 2.370718
0.741186 3.803538
0.741186 3.803538
0.741186 3.803538
1.678392 2.372361
1.53321 2.733348
1.91179 1.511149
0.705581 3.829002
1.188363 3.338847
1.188363 3.338847
1.906291 1.538868
1.485792 2.834601
1.485792 2.834601

0.723877 3.816107
0.723877 3.816107
1.534316 2.730899
1.227956 3.282596
1.49467 2.816173
2.030465 0.607699
1.257506 3.238685
1.257506 3.238685
1.171741 3.361614
1.280885 3.202727
1.148547 3.392571
1.148547 3.392571
1.148135 3.393113
1.302483 3.168516
1.815161 1.930645
1.125257 3.422727
1.924087 1.446849
1.106395 3.446486
1.353598 3.083567
1.331891 3.120346
1.335924 3.113592
1.335924 3.113592
1.387338 3.024241
1.936437 1.37869
1.827295 1.884364
2.033643 0.560528
1.829522 1.875707
1.688155 2.344731
2.04669 0.280049
2.04669 0.280049
2.04669 0.280049
2.04669 0.280049
2.04669 0.280049
2.04669 0.280049
2.04669 0.280049
1.401756 2.998053
1.917713 1.480593
2.000588 0.93364
2.022071 0.716137
1.598915 2.580504
0.864159 3.703571
1.600841 2.575782
1.412034 2.979071
1.912452 1.507767
0.871371 3.697108
0.871371 3.697108
0.871371 3.697108
0.871371 3.697108
1.995155 0.980317
1.995155 0.980317
2.036494 0.514069
1.667001 2.403981
0.981412 3.589758
0.887394 3.682504
0.887394 3.682504
0.887394 3.682504
2.039275 0.463687
2.039275 0.463687
1.840067 1.833996
1.458769 2.889274
1.606575 2.561632
2.037416 0.498014
2.037416 0.498014
1.908133 1.529651
1.944076 1.334485
1.944076 1.334485
1.944076 1.334485
2.03872 0.474238
2.03872 0.474238
2.03872 0.474238
1.608508 2.556832
1.94445 1.332276
2.004901 0.894659
2.004901 0.894659
1.698894 2.313757
1.424058 2.95652
1.424058 2.95652
1.901713 1.561502
1.900301 1.568402
1.900301 1.568402
1.900301 1.568402
1.900301 1.568402
1.900301 1.568402
1.792733 2.01253
1.792733 2.01253
1.848561 1.799489
1.449477 2.907597
1.449477 2.907597
1.449477 2.907597
1.449477 2.907597
1.449477 2.907597
1.792113 2.014732
2.018819 0.753568
2.018819 0.753568
1.849875 1.794077
1.849875 1.794077
1.849875 1.794077
1.849875 1.794077
2.018662 0.755325
2.018662 0.755325

2.043787 0.365048
2.043787 0.365048
2.041231 0.424164
2.040572 0.437944
2.040572 0.437944
2.036045 0.521703
2.036045 0.521703
1.073451 3.486595
1.112557 3.438788
0.679675 3.846583
0.679675 3.846583
1.798123 1.993261
0.692362 3.838071
1.906218 1.539235
2.027336 0.65048
1.907726 1.531692
1.041901 3.523403
2.005123 0.892599
2.005123 0.892599
2.005123 0.892599
2.005123 0.892599
1.734257 2.207108
1.56511 2.661085
1.56511 2.661085
1.570336 2.648907
1.529972 2.740488
1.529972 2.740488
1.522886 2.755999
1.028718 3.53833
1.497086 2.811117
1.497086 2.811117
1.489824 2.826262
0.732259 3.810065
0.732259 3.810065
1.779528 2.058715
1.600285 2.577147
1.998716 0.950015
1.601977 2.572988
1.00484 3.564701
1.82371 1.89819
1.82371 1.89819
1.322926 3.135228
1.614411 2.542083
1.914921 1.495089
1.963933 1.210794
1.618058 2.532896
1.172086 3.361147
1.172086 3.361147
1.172086 3.361147
1.172086 3.361147
1.172086 3.361147
1.827208 1.884703
1.456154 2.894454
1.456154 2.894454
0.976317 3.595102
0.976317 3.595102
0.976317 3.595102
0.976317 3.595102
0.976317 3.595102
1.27905 3.20559
1.626787 2.510686
1.749212 2.159671
1.635038 2.489388
1.962471 1.220395
1.634051 2.491953
2.021818 0.719125
2.021818 0.719125
2.021818 0.719125
2.021818 0.719125
2.021818 0.719125
2.021818 0.719125
2.021818 0.719125
1.979707 1.101155
1.979707 1.101155
1.919644 1.470467
1.867824 1.71795
0.88199 3.687467
1.921568 1.460295
1.335914 3.11361
1.753652 2.145298
1.834417 1.856493
1.336856 3.112027
1.769346 2.093377
1.866481 1.723795
1.838027 1.84216
1.766808 2.101895
1.865414 1.728418
1.865414 1.728418
0.875165 3.693681
0.875165 3.693681
1.436657 2.932487
1.757549 2.132571
1.840822 1.830964
1.654924 2.436814
1.654924 2.436814
1.679757 2.368526
1.926848 1.431941
1.926848 1.431941
1.759771 2.125268
1.762473 2.116338

2.042959 0.385344
2.041166 0.42554
2.037482 0.496838
2.037482 0.496838
2.036438 0.515027
0.839179 3.72543
1.29512 3.180289
1.784592 2.041171
1.752606 2.148697
1.752606 2.148697
1.752517 2.148986
1.749914 2.157408
1.594383 2.591559
2.002262 0.918731
1.998996 0.947583
1.433415 2.93871
0.956407 3.615628
0.956407 3.615628
1.597773 2.583298
1.544296 2.708631
1.544296 2.708631
1.459464 2.887895
1.459464 2.887895
1.88329 1.648809
1.923735 1.448737
1.881021 1.659178
1.875466 1.684226
1.027631 3.539549
1.475388 2.8559
1.847578 1.803527
1.847578 1.803527
1.724688 2.236705
1.601946 2.573064
1.601946 2.573064
1.857446 1.762471
1.857446 1.762471
1.856943 1.764592
1.856943 1.764592
1.131052 3.41531
1.995211 0.979846
1.994523 0.985582
1.889571 1.619687
1.889571 1.619687
1.889571 1.619687
1.644519 2.464546
1.799379 1.988734
1.533077 2.733641
1.682132 2.361834
1.488787 2.828412
1.531623 2.736852
1.265618 3.226334
0.891592 3.678621
0.891592 3.678621
2.008648 0.859188
2.008648 0.859188
1.684598 2.354855
1.684598 2.354855
1.684664 2.354669
1.639178 2.47859
1.498468 2.808217
1.498468 2.808217
1.498468 2.808217
1.413842 2.975702
1.521297 2.759455
1.521297 2.759455
1.713181 2.271558
2.016928 0.774411
2.016928 0.774411
1.98982 1.023855
0.916954 3.654658
0.916954 3.654658
1.989625 1.025407
0.904655 3.666387
0.904655 3.666387
0.904655 3.666387
1.410008 2.982834
1.696601 2.320423
1.709807 2.281627
1.709807 2.281627
1.709807 2.281627
1.63412 2.491774
1.63412 2.491774
1.63412 2.491774
1.633441 2.493533
1.633441 2.493533
1.703823 2.299329
1.915019 1.494582
1.199204 3.323732
1.199204 3.323732
1.199204 3.323732
1.199204 3.323732
1.360228 3.072121
1.938943 1.364375
1.823101 1.900528
1.823101 1.900528
2.014882 0.796292
2.014882 0.796292
1.968538 1.179977
1.968538 1.179977
1.9685 1.180237

2.044128 0.356303
2.044128 0.356303
2.040365 0.442167
0.444391 3.971457
0.444391 3.971457
2.035619 0.528815
0.586909 3.90317
0.590012 3.901434
0.590012 3.901434
0.858847 3.708287
0.612154 3.888741
0.867098 3.700946
0.804048 3.754814
1.47889 2.848767
1.47889 2.848767
1.461541 2.883762
1.487673 2.830717
0.765082 3.78559
1.443795 2.918683
1.438653 2.928641
1.51951 2.763331
0.706219 3.828558
0.706219 3.828558
0.740572 3.80399
0.740572 3.80399
0.740572 3.80399
1.764136 2.110813
1.820675 1.909794
1.928375 1.423619
1.813399 1.937247
1.813399 1.937247
1.86948 1.710713
1.745951 2.170142
1.745951 2.170142
1.855948 1.768782
1.886919 1.632061
1.882755 1.651259
1.882755 1.651259
1.772679 2.082121
1.772679 2.082121
1.883504 1.647827
1.890109 1.617164
1.846135 1.809431
1.846135 1.809431
1.846135 1.809431
1.846135 1.809431
1.860034 1.751501
1.780807 2.054303
1.636137 2.48653
0.945979 3.626155
0.945979 3.626155
0.94667 3.625462
0.94667 3.625462
1.730926 2.217476
1.730926 2.217476
1.137994 3.406349
1.137994 3.406349
1.137994 3.406349
1.137994 3.406349
1.924068 1.446951
1.797529 1.995398
1.797529 1.995398
1.797529 1.995398
1.797529 1.995398
1.612484 2.546914
1.69588 2.322513
1.69588 2.322513
1.697351 2.318245
1.013467 3.555271
0.969161 3.602545
0.969161 3.602545
1.643639 2.466869
1.1993 3.323597
1.392578 3.014784
1.607926 2.558279
1.025366 3.542083
1.025366 3.542083
1.025366 3.542083
1.025366 3.542083
1.392459 3.014998
1.666492 2.405379
1.666492 2.405379
1.544998 2.707051
1.664046 2.41208
1.709044 2.283895
1.709044 2.283895
1.651819 2.445141
2.007149 0.873572
2.007149 0.873572
2.007149 0.873572
2.007149 0.873572
2.007149 0.873572
2.007149 0.873572
1.906655 1.537054
1.654229 2.43868
1.654229 2.43868
1.658319 2.427654
1.389572 3.020216
1.716801 2.260679
1.716801 2.260679

1.34427 3.099502
1.061068 3.501226
1.584174 2.616171
1.030239 3.53662
1.030239 3.53662
1.020414 3.547597
1.604447 2.566899
1.604508 2.566747
0.989429 3.581274
1.541992 2.713802
2.03916 0.465892
2.03916 0.465892
1.624449 2.516666
1.624449 2.516666
1.624449 2.516666
1.399601 3.002001
0.6968 3.835049
1.174443 3.357947
1.769772 2.091944
2.023699 0.696572
2.002776 0.914098
1.762266 2.117022
1.410269 2.982349
1.264238 3.228444
1.415199 2.97317
1.930428 1.412336
1.741118 2.185526
1.418767 2.96649
1.753304 2.146431
1.753304 2.146431
1.753304 2.146431
1.749343 2.159251
0.605463 3.892635
0.605463 3.892635
0.605463 3.892635
0.605463 3.892635
0.605463 3.892635
0.605463 3.892635
0.605463 3.892635
1.934058 1.392128
1.887746 1.628215
1.887746 1.628215
1.433199 2.939125
1.433199 2.939125
1.996809 0.966372
1.453688 2.899323
1.454147 2.898417
1.712766 2.272798
1.712766 2.272798
0.920295 3.651437
0.920295 3.651437
1.518701 2.765083
1.937538 1.372421
1.937538 1.372421
1.986101 1.053018
1.896471 1.586938
1.940051 1.357989
2.020014 0.740055
2.020014 0.740055
0.736944 3.806652
1.88103 1.659137
1.708301 2.286103
2.035019 0.538675
2.035019 0.538675
2.035019 0.538675
2.035019 0.538675
2.035019 0.538675
2.035019 0.538675
2.035019 0.538675
1.946303 1.321273
1.946303 1.321273
1.946303 1.321273
1.946303 1.321273
1.961771 1.22496
1.961771 1.22496
1.961771 1.22496
1.961771 1.22496
1.961771 1.22496
1.961771 1.22496
1.8049 1.968673
1.8049 1.968673
1.993173 0.996737
0.847093 3.718593
1.875354 1.684725
1.241984 3.261962
1.874224 1.689763
1.992537 1.001944
1.853082 1.780776
1.853082 1.780776
1.992357 1.003412
1.992357 1.003412
1.992357 1.003412
1.992357 1.003412
1.853213 1.78023
1.701033 2.307512
1.673044 2.387287
1.699095 2.31317
1.854426 1.775162
1.855236 1.771769
1.808602 1.955065

0.879838 3.690107
0.879838 3.690107
1.217565 3.2985
1.999777 0.944214
1.241949 3.26289
2.015569 0.793118
2.014818 0.801018
2.014818 0.801018
2.014818 0.801018
2.014818 0.801018
2.023953 0.698119
2.023953 0.698119
1.107475 3.445934
1.107475 3.445934
1.78281 2.048943
1.694168 2.328836
1.103342 3.451066
1.699332 2.313861
1.992125 1.008522
1.963313 1.21754
1.965252 1.204757
1.879061 1.670013
1.881549 1.658732
1.881549 1.658732
1.708143 2.287968
1.908207 1.531402
1.989411 1.030254
1.989411 1.030254
1.632337 2.497658
1.988093 1.040633
1.634107 2.493074
1.981993 1.087209
1.652794 2.44383
1.9864 1.053792
1.653869 2.440948
1.653869 2.440948
1.653869 2.440948
1.653869 2.440948
1.971862 1.15995
1.971862 1.15995
1.971862 1.15995
1.971862 1.15995
1.715534 2.265907
1.905596 1.544439
1.905596 1.544439
1.894691 1.5975
1.894691 1.5975
1.856421 1.768627
1.856421 1.768627
1.856421 1.768627
1.90361 1.554263
1.901645 1.563916
1.372879 3.050969
1.056719 3.507072
1.056719 3.507072
2.043175 0.38894
2.043175 0.38894
1.051969 3.512587
1.051969 3.512587
1.93031 1.415288
1.285871 3.195822
1.545306 2.707506
1.545306 2.707506
1.540768 2.717683
1.540768 2.717683
0.988187 3.583321
0.988187 3.583321
1.801924 1.981153
1.388406 3.023307
1.289674 3.189832
1.849226 1.798557
1.728454 2.226566
1.728454 2.226566
1.803554 1.975227
1.803554 1.975227
1.804106 1.973213
1.804106 1.973213
1.513264 2.777908
1.525682 2.751021
1.812211 1.943345
0.995414 3.57561
0.995414 3.57561
1.750691 2.15639
1.463673 2.880566
1.52057 2.762151
1.52057 2.762151
1.465082 2.877748
1.573968 2.641566
1.732409 2.21432
1.933295 1.398726
1.45171 2.90426
2.034637 0.550823
2.034599 0.551419
2.03455 0.552199
1.00623 3.563926
1.00623 3.563926
1.00623 3.563926
1.447135 2.913218
1.820328 1.912813
1.39941 3.003348

0.615995 3.886483
1.469239 2.868341
0.638434 3.872955
0.638434 3.872955
0.638434 3.872955
0.662656 3.857704
0.662656 3.857704
0.662656 3.857704
2.046863 0.27393
2.046863 0.27393
1.282508 3.20019
1.940941 1.352833
2.045954 0.304301
1.937968 1.369967
2.03362 0.560892
2.03362 0.560892
2.03362 0.560892
2.03362 0.560892
1.929957 1.414936
1.290629 3.187412
1.59175 2.597946
2.001068 0.929398
2.030406 0.608535
1.955041 1.267896
2.028406 0.636206
0.921608 3.650166
1.956122 1.261112
1.920388 1.466542
1.918919 1.474277
0.927884 3.644062
0.927884 3.644062
1.917941 1.479401
2.012528 0.820668
1.914251 1.498543
1.742858 2.180008
1.911683 1.511693
2.043255 0.378242
2.043255 0.378242
2.043255 0.378242
2.043255 0.378242
2.043255 0.378242
2.043255 0.378242
1.089545 3.467218
1.089545 3.467218
1.855477 1.770758
1.855477 1.770758
2.014104 0.804444
1.75932 2.126751
1.847778 1.802704
1.732338 2.21309
1.782432 2.048678
1.864037 1.734364
1.962327 1.221336
1.962327 1.221336
1.606616 2.56153
1.606616 2.56153
1.606616 2.56153
1.606616 2.56153
1.083077 3.475055
1.083077 3.475055
1.630368 2.501479
1.996651 0.967713
1.996651 0.967713
1.996651 0.967713
1.76332 2.113525
1.76332 2.113525
1.628142 2.507208
1.641205 2.473276
1.844365 1.81664
1.619546 2.529132
1.644456 2.464714
1.772772 2.081803
1.772772 2.081803
1.775383 2.072922
1.775383 2.072922
1.728239 2.225787
1.728239 2.225787
1.883409 1.648263
1.993656 0.992767
1.725866 2.233093
1.873874 1.691322
1.873874 1.691322
1.873874 1.691322
1.873874 1.691322
1.873874 1.691322
1.838218 1.841398
1.838218 1.841398
1.821315 1.907355
1.821315 1.907355
1.822578 1.902529
1.328148 3.126581
1.328148 3.126581
1.328148 3.126581
1.328148 3.126581
1.810797 1.94694
1.656809 2.431734
1.969165 1.175711
0.978381 3.592942
0.978381 3.592942
0.978381 3.592942

2.044016 0.3599
2.043835 0.364513
0.758349 3.790764
0.758349 3.790764
0.758349 3.790764
1.267765 3.223108
0.967362 3.604457
1.674061 2.384558
1.930002 1.414857
1.42799 2.94914
1.824964 1.893496
1.273173 3.214777
1.991641 1.009468
1.192543 3.333107
1.192543 3.333107
1.192543 3.333107
1.807932 1.957662
1.926568 1.433633
1.926568 1.433633
2.03121 0.597419
2.03121 0.597419
1.806266 1.963788
1.97447 1.139091
1.97447 1.139091
1.97447 1.139091
1.97447 1.139091
1.944888 1.329868
1.995967 0.973742
1.995967 0.973742
2.010502 0.841311
0.892166 3.678139
1.967918 1.184385
0.886104 3.683742
0.886104 3.683742
0.884746 3.684991
0.884746 3.684991
0.884746 3.684991
2.014493 0.80068
2.014493 0.80068
2.015353 0.791625
1.387565 3.023906
1.387565 3.023906
1.998847 0.949131
1.998847 0.949131
1.658212 2.428041
1.951516 1.289924
1.951516 1.289924
1.951516 1.289924
1.951516 1.289924
1.957773 1.250861
2.00505 0.89355
2.004908 0.89486
1.381375 3.034996
1.02441 3.543206
1.02441 3.543206
1.789244 2.024991
1.789244 2.024991
1.521499 2.759098
1.507734 2.788704
1.030264 3.536648
1.837693 1.843624
1.838637 1.839855
1.782538 2.048427
1.649896 2.450374
1.366818 3.060714
1.712607 2.27338
1.150715 3.389778
1.04947 3.51477
1.04947 3.51477
1.062075 3.500103
1.062075 3.500103
1.645319 2.462527
1.645319 2.462527
1.777517 2.065741
1.6399 2.476794
1.774926 2.074597
1.907518 1.532893
1.907518 1.532893
1.312521 3.152352
1.717645 2.258236
1.536577 2.725968
1.718104 2.256849
1.719018 2.254083
1.719018 2.254083
1.73478 2.205581
1.465344 2.876244
1.765318 2.106987
1.732274 2.213397
1.732274 2.213397
1.740524 2.187516
1.740524 2.187516
1.904984 1.545527
1.904984 1.545527
1.904984 1.545527
1.904984 1.545527
1.621018 2.525493
1.621018 2.525493
1.621018 2.525493
1.86949 1.710811
1.86949 1.710811

0.459208 3.965379
0.466072 3.962485
1.212629 3.304716
1.26301 3.230319
1.743415 2.178234
0.535001 3.930605
1.903098 1.554694
2.01088 0.837272
1.580007 2.626104
1.580007 2.626104
1.580007 2.626104
1.828258 1.880628
1.828965 1.877877
1.828965 1.877877
2.031814 0.588199
2.031814 0.588199
1.573426 2.641658
1.639354 2.478131
1.666857 2.404377
1.64286 2.468923
1.644681 2.464119
1.476278 2.85409
2.012937 0.816495
2.012937 0.816495
1.64868 2.453517
1.64868 2.453517
1.651604 2.445716
0.591043 3.900856
1.507281 2.789585
1.8524 1.783613
1.8524 1.783613
1.85341 1.779406
2.030371 0.609031
1.513874 2.775488
0.928475 3.643484
0.928475 3.643484
1.811496 1.94434
0.610145 3.889915
1.787938 2.029467
1.718165 2.25656
1.718165 2.25656
1.861805 1.743945
1.527589 2.745722
1.527589 2.745722
2.016472 0.779347
2.016472 0.779347
1.458766 2.88928
0.939686 3.632434
0.939686 3.632434
0.939686 3.632434
1.996679 0.96748
1.996679 0.96748
1.996679 0.96748
1.456764 2.893248
1.802893 1.975997
1.536445 2.726176
1.536445 2.726176
1.536445 2.726176
0.83747 3.726896
0.83747 3.726896
1.790931 2.018918
1.790931 2.018918
1.790931 2.018918
1.790931 2.018918
1.790931 2.018918
1.994533 0.985499
1.001878 3.567913
1.001878 3.567913
1.001878 3.567913
1.316773 3.145342
1.148081 3.393182
1.706131 2.292526
1.706131 2.292526
1.706968 2.29005
1.706968 2.29005
1.706968 2.29005
1.706968 2.29005
1.871349 1.7025
1.066163 3.495237
1.066163 3.495237
1.066163 3.495237
1.066163 3.495237
1.066163 3.495237
1.318563 3.142409
1.013615 3.555109
1.013615 3.555109
1.014142 3.554529
1.395066 3.010268
1.395066 3.010268
1.319723 3.140504
1.109941 3.442064
1.109941 3.442064
1.439019 2.927933
1.439019 2.927933
1.87327 1.694003
1.960013 1.236337
0.737915 3.805941
0.737915 3.805941
0.737915 3.805941
1.392592 3.014757

0.676543 3.848654
0.674627 3.849916
1.671489 2.3916
1.700311 2.309623
0.574038 3.910251
2.00969 0.849036
2.00969 0.849036
1.898291 1.578162
0.8347 3.729264
0.8347 3.729264
2.045951 0.304385
2.045951 0.304385
2.045951 0.304385
0.838249 3.726228
1.896945 1.584658
1.896945 1.584658
1.998185 0.954599
2.01386 0.806982
2.015096 0.794037
1.920888 1.463897
2.045012 0.332338
1.729571 2.221675
0.893095 3.677225
1.88204 1.65453
1.478907 2.848731
1.478907 2.848731
1.988588 1.033619
2.024485 0.686891
1.874777 1.687301
1.739486 2.190689
1.626204 2.512178
0.946045 3.626089
0.946045 3.626089
0.946045 3.626089
0.946045 3.626089
1.86051 1.749475
1.985198 1.059966
1.985198 1.059966
1.50843 2.787139
1.982635 1.079408
1.7545 2.142539
1.75526 2.14006
1.416912 2.969966
1.416912 2.969966
1.615305 2.539835
1.169111 3.365171
2.028728 0.631847
2.028728 0.631847
1.133177 3.412575
1.133177 3.412575
2.029128 0.62637
1.777556 2.065491
1.768729 2.095454
1.849206 1.796834
1.849206 1.796834
1.848351 1.800352
1.771169 2.087232
1.771223 2.087048
1.771223 2.087048
2.030861 0.602051
2.030861 0.602051
1.525967 2.749274
1.525967 2.749274
1.525967 2.749274
1.525967 2.749274
1.60855 2.556728
1.845653 1.811396
1.547504 2.701402
2.039188 0.465369
1.973647 1.144679
1.558088 2.677296
1.836001 1.850224
1.350677 3.088579
1.350677 3.088579
1.804067 1.971716
1.297986 3.175719
1.297986 3.175719
1.952871 1.281392
1.952401 1.284293
1.268206 3.222365
1.26736 3.223663
1.303856 3.166308
1.80526 1.967354
1.80526 1.967354
1.959745 1.238066
1.261787 3.232183
1.569612 2.650599
2.037828 0.49063
1.592422 2.596318
1.592422 2.596318
1.592422 2.596318
1.200055 3.322536
1.200055 3.322536
2.037714 0.492679
2.037714 0.492679
1.379669 3.037962
1.379669 3.037962
1.318491 3.142526
2.036297 0.517434
1.573317 2.641915

0.614549 3.887335
0.614549 3.887335
0.614549 3.887335
0.614549 3.887335
0.614549 3.887335
2.048582 0.200614
1.186242 3.34178
1.225326 3.286423
1.244436 3.258315
1.77396 2.077768
1.77396 2.077768
0.896927 3.673652
0.896927 3.673652
2.046701 0.279651
1.769001 2.094539
1.839597 1.835879
1.839597 1.835879
1.839597 1.835879
2.033579 0.56153
2.033579 0.56153
1.564248 2.663084
1.75526 2.140061
2.04546 0.319377
1.109352 3.4428
1.109352 3.4428
1.109352 3.4428
1.65775 2.429193
1.750355 2.155985
1.749363 2.159185
1.896846 1.585136
1.913115 1.504378
0.942792 3.629342
1.669588 2.396857
2.011882 0.827225
2.028476 0.635268
2.028476 0.635268
2.038543 0.47754
2.038543 0.47754
1.892372 1.60649
1.892372 1.60649
2.005499 0.889107
1.632108 2.496986
1.917892 1.479656
2.015151 0.793458
1.548718 2.698655
1.548718 2.698655
1.614064 2.542953
1.614064 2.542953
1.614064 2.542953
1.368426 3.057825
2.002684 0.914929
1.622945 2.520502
2.043248 0.378403
2.043248 0.378403
2.043248 0.378403
2.002533 0.916287
2.002486 0.916716
2.002486 0.916716
2.002486 0.916716
1.618121 2.532736
1.619665 2.528831
2.025018 0.680248
2.04081 0.43301
1.715143 2.265669
1.715143 2.265669
2.041422 0.420078
2.041422 0.420078
1.365033 3.063761
1.681854 2.362618
1.708864 2.284431
2.018477 0.757387
1.686186 2.350345
0.979963 3.591282
1.319873 3.140257
1.319873 3.140257
1.319873 3.140257
1.322799 3.135438
1.958926 1.243319
0.983829 3.58721
0.983829 3.58721
0.983829 3.58721
0.983829 3.58721
1.351203 3.087678
1.351203 3.087678
1.702726 2.30255
1.702726 2.30255
1.531351 2.737452
1.531351 2.737452
1.695042 2.324939
1.338418 3.109399
1.450677 2.905244
1.696608 2.320404
1.340551 3.1058
1.961907 1.22407
2.020407 0.735558
1.042922 3.522236
1.042922 3.522236
1.042922 3.522236
1.042922 3.522236
1.042922 3.522236

2.047589 0.246341
2.047589 0.246341
1.131873 3.414253
1.105752 3.447286
1.105752 3.447286
1.105752 3.447286
1.105752 3.447286
1.347762 3.093559
1.212132 3.305426
1.212132 3.305426
1.237773 3.268196
1.580005 2.626109
1.414062 2.975293
2.041519 0.41797
2.041519 0.41797
1.284093 3.197707
1.559951 2.673012
0.931715 3.640308
0.931715 3.640308
1.306738 3.161661
1.308967 3.158055
1.308967 3.158055
1.308967 3.158055
1.425549 2.953697
2.038691 0.474774
2.038691 0.474774
2.038691 0.474774
2.005682 0.887393
1.609781 2.553664
2.031138 0.598055
2.032196 0.582533
2.032196 0.582533
2.032196 0.582533
1.614067 2.542945
1.536093 2.726959
1.904993 1.545325
1.838769 1.839198
1.838769 1.839198
1.948 1.311103
1.948 1.311103
1.853067 1.780836
1.853099 1.780704
1.915871 1.490176
1.979564 1.1022
1.979678 1.101367
1.860281 1.750451
1.872471 1.697543
1.631947 2.497402
1.631947 2.497402
1.868765 1.713842
0.875772 3.693131
0.875772 3.693131
1.454681 2.897366
1.454681 2.897366
1.454681 2.897366
1.864109 1.734053
1.864109 1.734053
1.918559 1.476167
0.757777 3.79115
0.757777 3.79115
0.757777 3.79115
0.757777 3.79115
1.719106 2.253711
1.658195 2.427991
1.65793 2.428708
1.65793 2.428708
1.89301 1.603468
1.89301 1.603468
1.89301 1.603468
1.89301 1.603468
1.884261 1.644349
1.679993 2.367863
1.885448 1.638873
1.88648 1.634098
2.02397 0.693249
2.012161 0.824405
2.012161 0.824405
2.012161 0.824405
2.012161 0.824405
1.645333 2.462396
1.645333 2.462396
1.645333 2.462396
2.012886 0.817014
2.012886 0.817014
1.793538 2.009667
1.793538 2.009667
1.740135 2.18864
0.716667 3.821236
0.716667 3.821236
1.515904 2.771121
1.515904 2.771121
1.47532 2.856038
1.925672 1.438315
1.925672 1.438315
1.926149 1.435736
1.819017 1.916097
1.819017 1.916097
1.819017 1.916097
1.482317 2.841752
1.482317 2.841752

0.670271 3.85277
0.73175 3.810435
0.73175 3.810435
0.73175 3.810435
0.860464 3.706855
0.862178 3.705334
1.672494 2.388815
1.454315 2.898087
1.677299 2.375424
1.629571 2.503532
1.678887 2.37097
1.602073 2.572752
1.393189 3.013676
1.624243 2.517192
1.61841 2.532008
1.618495 2.531792
2.034602 0.545392
2.035878 0.524512
2.035878 0.524512
2.035878 0.524512
2.035878 0.524512
1.38266 3.032628
1.049646 3.51451
1.27721 3.208453
1.311313 3.154248
0.960239 3.611721
0.960239 3.611721
0.963868 3.608002
1.029986 3.536906
1.315676 3.147136
1.315676 3.147136
1.472631 2.861492
1.080189 3.478533
1.358486 3.075138
1.555153 2.684018
1.555153 2.684018
1.342151 3.103095
1.356955 3.077784
1.356333 3.078857
2.042094 0.4053
2.042094 0.4053
1.99961 0.942238
1.99961 0.942238
0.995501 3.574786
0.995501 3.574786
0.995501 3.574786
1.999352 0.944488
1.95307 1.280165
1.849484 1.795689
1.938263 1.368277
1.095592 3.459832
1.546154 2.704449
1.546154 2.704449
2.045293 0.324267
2.045293 0.324267
2.045293 0.324267
2.045293 0.324267
2.045293 0.324267
1.972872 1.150112
1.972872 1.150112
1.972872 1.150112
1.972872 1.150112
2.044549 0.345113
2.04456 0.344827
1.715867 2.263492
1.982433 1.08093
1.982433 1.08093
1.986721 1.048222
1.986721 1.048222
1.987195 1.044535
1.788758 2.026584
1.994337 0.987129
1.994337 0.987129
1.181379 3.348474
1.785606 2.037634
1.991506 1.010323
1.879814 1.66466
1.934965 1.387024
1.934965 1.387024
1.781545 2.05175
1.958132 1.248384
1.958132 1.248384
1.958132 1.248384
1.958132 1.248384
1.19111 3.335038
1.719308 2.253098
1.719308 2.253098
1.961262 1.228268
1.961262 1.228268
1.843729 1.81922
1.843729 1.81922
1.843729 1.81922
1.840208 1.833428
1.840498 1.832265
1.840498 1.832265
1.229237 3.280728
1.229237 3.280728
1.521379 2.759276
1.775225 2.073461
1.204464 3.316321

