0.248791 4.010317
0.248791 4.010317
0.248791 4.010317
0.248791 4.010317
0.38685 3.970644
0.424027 3.956572
1.649553 2.390269
1.649553 2.390269
0.823786 3.708069
1.664983 2.347355
1.851737 1.699912
1.147598 3.355534
1.147598 3.355534
1.147598 3.355534
1.669773 2.333784
1.604357 2.509485
1.849304 1.710492
1.880732 1.567063
1.602233 2.514863
1.8501 1.70704
1.8501 1.70704
0.496111 3.925097
0.496111 3.925097
1.582504 2.563955
1.582504 2.563955
1.167562 3.328402
1.888643 1.528376
1.890458 1.519333
1.220477 3.252992
1.177045 3.315267
2.020961 0.481635
1.190991 3.295652
1.566247 2.603246
1.566247 2.603246
1.819756 1.832953
1.819698 1.833185
1.819698 1.833185
1.802945 1.898208
1.898309 1.479468
1.534669 2.676758
1.908591 1.425263
1.908591 1.425263
1.901668 1.462018
1.904231 1.448541
1.794621 1.929466
1.69989 2.245615
1.792912 1.935803
1.790082 1.946237
1.384835 2.982466
1.250689 3.207551
1.780441 1.981233
1.386835 2.978794
1.386835 2.978794
1.951077 1.170366
1.966981 1.056955
0.583273 3.879484
0.583273 3.879484
0.583273 3.879484
0.59323 3.873735
1.707701 2.221897
1.707701 2.221897
1.707701 2.221897
0.626449 3.853743
0.626449 3.853743
2.00147 0.747097
2.00147 0.747097
2.01851 0.523161
2.01851 0.523161
1.721209 2.179991
1.927902 1.316401
1.927902 1.316401
1.47187 2.812926
1.510634 2.730376
1.510624 2.7304
1.510624 2.7304
1.487893 2.77937
1.7309 2.149205
1.732231 2.144927
1.732231 2.144927
2.000679 0.755771
2.000679 0.755771
1.760231 2.052034
1.969174 1.040238
1.760204 2.052126
1.760204 2.052126
1.760204 2.052126
1.760204 2.052126
1.407011 2.941197
1.407011 2.941197
1.739123 2.122583
1.502832 2.747371
1.494663 2.764957
2.012345 0.614466
2.012345 0.614466
2.012345 0.614466
2.012345 0.614466
1.740433 2.118302
1.498534 2.756649
1.969796 1.035442
1.969796 1.035442

2.027198 0.31873
2.027198 0.31873
2.027198 0.31873
2.013993 0.572767
2.024007 0.396892
2.024007 0.396892
2.01531 0.553086
2.015878 0.544357
2.015878 0.544357
2.01876 0.497524
1.177225 3.312099
1.874648 1.589081
1.882129 1.553183
1.882129 1.553183
1.950371 1.165685
1.950371 1.165685
1.950371 1.165685
1.387591 2.973944
1.392893 2.964138
1.957191 1.118455
1.518032 2.71016
0.575351 3.882074
0.575351 3.882074
1.938688 1.241964
1.938688 1.241964
1.227316 3.239829
1.227316 3.239829
1.227316 3.239829
1.354935 3.03281
1.964191 1.067547
1.976777 0.968559
1.976777 0.968559
1.976777 0.968559
1.976777 0.968559
1.651652 2.379926
1.412713 2.926841
1.412713 2.926841
0.4716 3.93466
1.974112 0.990429
1.974112 0.990429
1.423548 2.906016
0.467825 3.936352
0.467825 3.936352
1.118031 3.39165
1.856481 1.672427
1.547605 2.643035
1.547605 2.643035
0.604983 3.86486
0.461407 3.939194
1.113693 3.397242
1.113693 3.397242
1.488613 2.774041
1.035846 3.492365
1.10852 3.40387
1.10852 3.40387
1.037874 3.490009
1.049385 3.476515
1.049385 3.476515
1.630625 2.436873
1.628544 2.442397
1.628544 2.442397
1.477888 2.79665
0.993957 3.539624
1.55905 2.616227
0.839105 3.692449
0.839105 3.692449
0.839105 3.692449
1.622586 2.458101
1.462629 2.82822
0.724815 3.784912
1.474729 2.803244
0.84281 3.689174
1.473256 2.806306
1.467014 2.819218
1.467873 2.817449
1.677821 2.305975
0.983085 3.55146
0.983085 3.55146
1.802768 1.893033
0.352915 3.98061
0.352915 3.98061
0.352915 3.98061
0.352915 3.98061
0.352915 3.98061
1.318233 3.095961
1.804327 1.887087
1.804327 1.887087
1.679439 2.301282
0.381841 3.970779
0.381841 3.970779
1.281105 3.156793
1.281105 3.156793
1.680702 2.297612
1.60791 2.49611
1.60791 2.49611
1.284631 3.151142
1.717804 2.185636
1.733508 2.135659
1.733508 2.135659
1.795164 1.921691

1.92675 1.353143
1.92675 1.353143
1.904929 1.472366
1.127425 3.392375
1.903289 1.480875
1.984724 0.954615
2.025922 0.475971
2.025922 0.475971
2.025922 0.475971
2.025922 0.475971
1.148198 3.365019
1.148198 3.365019
1.98173 0.979689
1.601162 2.533039
1.590864 2.55863
1.889806 1.548746
1.949705 1.213008
1.949705 1.213008
1.950785 1.205961
1.271886 3.185902
1.297229 3.145499
1.005192 3.539059
1.005192 3.539059
1.885999 1.567282
2.022407 0.53566
2.022407 0.53566
1.426403 2.916976
1.426403 2.916976
0.827586 3.712987
1.882594 1.583636
1.882594 1.583636
1.255555 3.211237
1.255555 3.211237
1.319922 3.10816
1.728401 2.175588
1.727653 2.177952
1.627873 2.464588
1.956349 1.168869
1.956529 1.167645
1.836759 1.786417
1.324243 3.100921
1.828359 1.820572
1.63131 2.455554
1.961795 1.131235
1.810402 1.89096
1.228316 3.25231
1.965728 1.103168
1.822306 1.844684
0.984869 3.561212
1.636143 2.442759
1.636143 2.442759
1.818364 1.860174
1.818364 1.860174
1.818364 1.860174
0.740581 3.782978
0.736532 3.786007
1.193677 3.302483
1.568514 2.61273
1.792111 1.959322
1.792111 1.959322
0.976772 3.569869
0.976772 3.569869
1.648956 2.408317
0.970161 3.576866
1.201977 3.290666
1.201977 3.290666
1.849526 1.732872
1.203709 3.288184
1.203709 3.288184
1.973537 1.044931
1.973906 1.042085
1.973906 1.042085
1.973906 1.042085
1.973906 1.042085
1.341725 3.071212
1.7157 2.215245
1.7157 2.215245
1.406859 2.954172
1.864829 1.665847
0.705563 3.808516
1.662306 2.371587
1.662306 2.371587
1.348192 3.060045
0.698485 3.813499
0.698485 3.813499
0.698485 3.813499
0.698485 3.813499
0.698485 3.813499
0.698485 3.813499
1.755168 2.088472
2.015416 0.636707
2.015416 0.636707
1.70755 2.240162
1.70755 2.240162
1.861527 1.680591
1.861527 1.680591
1.856532 1.702594
1.856532 1.702594
1.354105 3.049749
1.857272 1.699353

0.561497 3.896082
0.561497 3.896082
2.007144 0.718121
2.010426 0.679022
2.002879 0.765729
2.001487 0.780585
1.889395 1.541632
2.000742 0.788412
1.592294 2.549735
1.592294 2.549735
1.991366 0.880506
0.7099 3.802784
0.72405 3.792543
1.901194 1.482168
1.521587 2.715383
1.399207 2.964045
1.399207 2.964045
1.399207 2.964045
0.739733 3.780909
1.295586 3.144112
1.295586 3.144112
1.111339 3.409543
1.361728 3.03208
1.103836 3.41906
1.622166 2.473911
1.349594 3.053379
1.44194 2.882081
1.325186 3.09519
1.325186 3.09519
1.325186 3.09519
1.330683 3.085891
1.809433 1.887211
1.447535 2.870984
1.447535 2.870984
1.945922 1.225927
1.081283 3.44711
2.030692 0.338509
2.030692 0.338509
1.862429 1.668134
1.630334 2.452506
1.915917 1.403786
1.915917 1.403786
1.915917 1.403786
1.915917 1.403786
1.915917 1.403786
1.915917 1.403786
1.915917 1.403786
1.50234 2.757458
1.50234 2.757458
1.50234 2.757458
1.50234 2.757458
2.024574 0.470825
2.024574 0.470825
2.024574 0.470825
0.795566 3.737039
0.795566 3.737039
1.635298 2.439352
1.948886 1.20673
1.948886 1.20673
1.948886 1.20673
1.948886 1.20673
0.80176 3.731932
0.80176 3.731932
0.803233 3.73071
1.814893 1.866133
1.771194 2.026887
1.771194 2.026887
1.978999 0.987877
1.978999 0.987877
1.978999 0.987877
1.978999 0.987877
0.906808 3.637737
1.638843 2.429889
1.638843 2.429889
1.474159 2.816953
1.953513 1.176045
1.163365 3.340922
1.163365 3.340922
1.163365 3.340922
1.953123 1.178664
1.471685 2.822061
1.471685 2.822061
1.471685 2.822061
1.693802 2.275182
1.977983 0.996137
1.167081 3.335841
1.691165 2.282972
1.691165 2.282972
1.691165 2.282972
1.653097 2.391234
1.23654 3.236201
1.23654 3.236201
1.68579 2.298729
1.684975 2.301105
1.96164 1.119861
1.96164 1.119861
1.663057 2.363637
1.663057 2.363637
1.663057 2.363637
1.663057 2.363637

0.372244 3.98045
0.372244 3.98045
0.415087 3.96492
0.415087 3.96492
0.983508 3.560772
0.97889 3.565718
0.977456 3.567248
0.977456 3.567248
0.582101 3.885617
0.836272 3.703757
0.65884 3.838799
0.65884 3.838799
0.786493 3.745569
1.732563 2.158521
1.732563 2.158521
1.172445 3.329958
0.764295 3.763205
1.741469 2.12978
0.730909 3.788585
0.730909 3.788585
0.730909 3.788585
1.695028 2.274042
1.695028 2.274042
1.549523 2.654187
2.032745 0.298828
1.190549 3.304693
1.557817 2.634891
1.557817 2.634891
1.999558 0.807738
2.000286 0.800276
1.509891 2.743092
1.505218 2.75323
1.505218 2.75323
1.578988 2.584483
1.680954 2.315211
1.909759 1.441166
2.033488 0.27507
1.91021 1.438757
1.990432 0.895479
1.472182 2.822959
1.472182 2.822959
1.470727 2.825955
1.211233 3.275091
2.003909 0.762013
1.912677 1.4255
1.443023 2.881811
1.669164 2.348869
2.027807 0.420788
2.027807 0.420788
2.005061 0.749392
2.027654 0.423961
2.027654 0.423961
2.026454 0.447893
1.225722 3.253874
1.872507 1.625786
1.811108 1.883821
1.84277 1.756698
2.023033 0.509488
2.023033 0.509488
2.023033 0.509488
1.234628 3.240634
1.841112 1.763646
2.035857 0.174173
2.035857 0.174173
2.035857 0.174173
2.035857 0.174173
1.975355 1.022747
1.953815 1.178866
1.977803 1.003286
1.656622 2.383886
1.921112 1.379042
1.921112 1.379042
1.983973 0.952287
1.983973 0.952287
1.983973 0.952287
1.983973 0.952287
1.983973 0.952287
1.425233 2.916548
1.86913 1.6413
1.959313 1.141277
1.332 3.08535
2.035402 0.198557
2.035402 0.198557
2.035402 0.198557
2.035402 0.198557
1.251497 3.21513
1.609233 2.509431
1.816531 1.862833
1.973739 1.03537
1.609749 2.508116
1.609749 2.508116
1.610652 2.505817
1.927151 1.34463
1.257229 3.206336
1.343816 3.065114
1.343816 3.065114
1.343816 3.065114
1.343816 3.065114
1.343816 3.065114
1.864757 1.661132

0.255109 4.008073
0.255109 4.008073
0.363242 3.977892
2.027373 0.328653
2.027373 0.328653
1.923378 1.338072
0.534024 3.905226
0.859603 3.67509
0.859603 3.67509
0.859603 3.67509
1.593068 2.535423
1.395022 2.961662
1.395022 2.961662
1.585665 2.553772
1.584986 2.555446
1.874652 1.592033
1.05882 3.466439
1.05882 3.466439
1.403722 2.945381
1.403722 2.945381
1.403722 2.945381
1.403722 2.945381
1.283628 3.154101
1.282098 3.156552
1.282098 3.156552
1.282098 3.156552
1.282098 3.156552
1.096303 3.420513
1.247662 3.210415
1.256463 3.196879
1.759578 2.051174
1.759578 2.051174
0.932285 3.605533
0.932285 3.605533
1.624052 2.456131
0.992608 3.542188
1.941342 1.228939
0.97993 3.555939
0.97993 3.555939
0.976362 3.559766
0.976362 3.559766
1.181435 3.30745
1.181435 3.30745
1.941974 1.224897
1.780052 1.97942
1.780052 1.97942
1.784841 1.962126
1.784841 1.962126
1.828355 1.794849
1.471829 2.810862
1.13269 3.373718
1.13269 3.373718
1.94502 1.205207
1.633854 2.430169
1.544761 2.65134
1.155358 3.343424
1.155358 3.343424
1.693945 2.260641
1.693945 2.260641
1.154448 3.344657
1.154448 3.344657
1.835971 1.763458
1.990156 0.854923
1.79712 1.916833
1.737366 2.125334
1.737366 2.125334
1.987438 0.880394
1.818918 1.832803
1.987086 0.88364
1.986721 0.886981
1.986721 0.886981
1.860438 1.657557
1.860438 1.657557
1.840369 1.745009
1.539094 2.664372
1.539094 2.664372
1.699452 2.244127
1.699452 2.244127
1.984786 0.904499
1.984786 0.904499
1.699875 2.242852
2.013288 0.590928
2.013288 0.590928
2.005249 0.695093
2.002448 0.727633
1.710682 2.209893
0.714646 3.79325
0.714646 3.79325
0.714646 3.79325
1.950982 1.16558
1.966189 1.056957
1.966189 1.056957
1.81094 1.864129
1.81094 1.864129
1.810048 1.867589
1.810048 1.867589
1.810048 1.867589
1.810048 1.867589
0.706819 3.79889
1.963948 1.073731

1.935449 1.532828
1.935449 1.532828
1.935449 1.532828
1.935449 1.532828
1.935449 1.532828
1.935449 1.532828
1.935449 1.532828
1.935449 1.532828
1.935449 1.532828
1.935449 1.532828
1.935449 1.532828
1.935449 1.532828
1.935449 1.532828
1.935449 1.532828
1.935449 1.532828
1.935449 1.532828
1.935449 1.532828
1.935449 1.532828
1.935449 1.532828
1.935449 1.532828
1.935449 1.532828
1.935449 1.532828
1.935449 1.532828
1.935449 1.532828
1.935449 1.532828
1.935449 1.532828
1.935449 1.532828
1.935449 1.532828
1.935449 1.532828
1.935449 1.532828
1.935449 1.532828
1.935449 1.532828
1.935449 1.532828
1.935449 1.532828
1.935449 1.532828
1.935449 1.532828
1.935449 1.532828
1.935449 1.532828
1.935449 1.532828
1.935449 1.532828
1.935449 1.532828
1.935449 1.532828
1.935449 1.532828
1.935449 1.532828
1.935449 1.532828
1.935449 1.532828
1.935449 1.532828
1.935449 1.532828
1.935449 1.532828
1.935449 1.532828
1.935449 1.532828
1.935449 1.532828
1.935449 1.532828
1.935449 1.532828
1.935449 1.532828
1.935449 1.532828
1.935449 1.532828
1.935449 1.532828
1.935449 1.532828
1.935449 1.532828
1.935449 1.532828
1.935449 1.532828
1.935449 1.532828
1.935449 1.532828
1.935449 1.532828
1.935449 1.532828
1.935449 1.532828
1.935449 1.532828
1.935449 1.532828
1.935449 1.532828
1.935449 1.532828
1.935449 1.532828
1.935449 1.532828
1.935449 1.532828
1.935449 1.532828
1.935449 1.532828
1.935449 1.532828
1.935449 1.532828
1.935449 1.532828
1.935449 1.532828
1.935449 1.532828
1.935449 1.532828
1.935449 1.532828
1.935449 1.532828
1.935449 1.532828
1.935449 1.532828
1.935449 1.532828
1.935449 1.532828
1.935449 1.532828
1.935449 1.532828
1.935449 1.532828
1.935449 1.532828
1.935449 1.532828
1.935449 1.532828
1.935449 1.532828
1.935449 1.532828
1.935449 1.532828
1.935449 1.532828
1.935449 1.532828
1.935449 1.532828

0.234135 4.015869
0.234135 4.015869
0.234135 4.015869
0.25811 4.010794
1.011707 3.526901
0.266017 4.008992
0.326728 3.993023
1.443802 2.876063
1.057228 3.474413
2.030103 0.332558
2.030103 0.332558
2.030103 0.332558
1.420325 2.921863
1.418052 2.926218
1.400067 2.960199
0.918693 3.624597
1.998987 0.797712
1.369253 3.016513
1.369253 3.016513
1.373816 3.008321
1.373816 3.008321
1.989777 0.887157
1.841653 1.754053
2.026088 0.425719
1.837742 1.770397
0.519678 3.916699
1.986541 0.91634
1.769191 2.030352
1.909895 1.431471
1.909895 1.431471
1.537448 2.677225
2.024029 0.46568
2.024029 0.46568
1.274896 3.175176
1.750932 2.092522
2.006122 0.720107
2.006122 0.720107
2.006122 0.720107
2.006122 0.720107
1.983996 0.938586
1.749125 2.09854
1.983539 0.942528
1.115502 3.402436
1.779302 1.994783
1.979533 0.97628
1.939015 1.263783
1.977793 0.990551
2.014237 0.618995
2.014237 0.618995
2.014237 0.618995
2.019162 0.54775
2.019162 0.54775
2.019162 0.54775
2.019162 0.54775
0.761847 3.762603
0.761847 3.762603
0.761847 3.762603
0.864214 3.676191
0.864214 3.676191
1.900743 1.479674
1.900743 1.479674
1.67257 2.333794
1.67257 2.333794
1.67257 2.333794
1.823393 1.828804
1.823203 1.82956
1.823203 1.82956
0.858384 3.681476
0.858384 3.681476
1.732552 2.152626
1.943501 1.235619
1.895319 1.507389
1.943553 1.235283
1.968188 1.065549
1.2038 3.28238
1.943871 1.23326
1.812716 1.870765
1.870806 1.625716
1.870806 1.625716
1.966828 1.075705
1.966828 1.075705
1.79662 1.931812
1.79662 1.931812
1.79662 1.931812
1.948657 1.202321
1.948657 1.202321
1.872194 1.619293
1.727199 2.169696
0.807076 3.726073
1.580171 2.576776
0.802111 3.73021
0.802111 3.73021
0.802111 3.73021
0.802111 3.73021
1.801757 1.912606
1.801757 1.912606
1.804186 1.903435
1.804186 1.903435
1.964171 1.095238
1.587429 2.559027

2.006894 0.700102
2.006894 0.700102
2.006894 0.700102
2.006894 0.700102
2.006894 0.700102
1.975335 1.002538
1.975335 1.002538
1.965055 1.081548
1.124011 3.389468
1.112354 3.404493
1.103678 3.415528
1.057516 3.472174
1.552887 2.638812
1.453996 2.853094
1.920049 1.369924
1.482199 2.795123
1.488367 2.782129
1.4881 2.782694
1.526964 2.698073
1.522222 2.708662
1.522222 2.708662
1.946788 1.208012
1.946788 1.208012
1.946788 1.208012
1.946788 1.208012
1.571333 2.595169
1.205096 3.278398
1.205096 3.278398
1.925837 1.336774
1.925934 1.336211
1.929056 1.317921
1.929056 1.317921
1.901528 1.470253
1.901528 1.470253
1.006978 3.530344
1.006978 3.530344
1.304491 3.12524
1.833224 1.784626
1.418861 2.922143
1.592121 2.544429
1.417422 2.924899
1.59336 2.541349
1.829607 1.799419
1.596378 2.533824
1.764684 2.042091
1.735697 2.138847
1.826769 1.810919
1.826067 1.813749
1.826067 1.813749
0.874324 3.665252
0.874324 3.665252
0.874324 3.665252
0.874324 3.665252
1.238821 3.228642
0.975649 3.56447
0.975649 3.56447
1.639383 2.422367
1.639383 2.422367
1.639383 2.422367
0.973613 3.566637
0.891303 3.649352
1.401812 2.954452
1.401812 2.954452
1.352535 3.043714
1.72834 2.16245
1.62326 2.465109
1.854688 1.693487
1.686231 2.290974
1.678112 2.314563
1.678112 2.314563
1.620411 2.472539
1.61989 2.473893
1.61989 2.473893
1.61989 2.473893
1.61989 2.473893
1.692818 2.271565
1.692818 2.271565
1.698657 2.254154
1.698657 2.254154
1.701864 2.244506
1.356265 3.037164
1.356265 3.037164
1.700757 2.247843
1.708337 2.224849
1.773891 2.01001
1.673205 2.328647
1.673205 2.328647
1.673205 2.328647
1.390919 2.974701
1.78915 1.955278
1.856603 1.685057
1.889419 1.531721
1.724377 2.175016
1.277235 3.169238
1.277235 3.169238
1.277235 3.169238
1.277235 3.169238
1.659132 2.368339
1.659132 2.368339
1.659132 2.368339

0.384737 3.980948
0.384737 3.980948
2.01124 0.723537
2.01124 0.723537
2.01124 0.723537
2.01124 0.723537
2.01124 0.723537
2.01124 0.723537
2.01124 0.723537
1.974595 1.05979
1.974595 1.05979
0.606088 3.877391
0.601563 3.880047
0.601563 3.880047
0.601563 3.880047
0.601563 3.880047
0.601563 3.880047
1.93761 1.307688
0.747929 3.782099
1.432556 2.912868
1.432556 2.912868
1.545042 2.676262
1.944231 1.267328
1.217519 3.274721
1.111777 3.41853
1.350107 3.063986
1.638256 2.446858
0.773023 3.762737
1.177456 3.331546
1.177456 3.331546
1.963343 1.14166
1.963343 1.14166
1.963343 1.14166
1.94934 1.235149
1.581953 2.589527
1.581953 2.589527
1.581953 2.589527
1.626067 2.478894
1.626067 2.478894
1.897993 1.523997
1.737041 2.159198
1.722837 2.204026
1.722837 2.204026
1.722837 2.204026
1.343852 3.074777
1.916918 1.425454
1.950701 1.226413
1.950701 1.226413
1.520785 2.730639
0.788557 3.75036
1.954382 1.202432
1.954382 1.202432
1.901591 1.505846
1.238059 3.244419
1.519414 2.733652
1.592508 2.563779
1.518345 2.736
1.518345 2.736
1.518345 2.736
1.496976 2.782128
1.773238 2.038592
1.129968 3.395179
1.129968 3.395179
1.616437 2.503738
1.616437 2.503738
1.661648 2.383444
1.708889 2.246806
1.138779 3.383668
1.138779 3.383668
1.138779 3.383668
1.138779 3.383668
1.847047 1.757313
1.601775 2.540806
1.601775 2.540806
1.844147 1.769465
1.030204 3.516635
1.332149 3.094727
1.756712 2.094849
1.756712 2.094849
1.756712 2.094849
1.756712 2.094849
1.757235 2.093102
1.757235 2.093102
1.816738 1.879468
1.701628 2.268614
1.701628 2.268614
1.701628 2.268614
1.462859 2.852862
1.462859 2.852862
0.966733 3.585906
1.474045 2.830052
1.474045 2.830052
1.801285 1.937982
1.911892 1.452398
1.911892 1.452398
1.911892 1.452398
1.911892 1.452398
1.911892 1.452398
1.911892 1.452398
1.818153 1.873992

0.32238 4.007547
0.943517 3.620494
1.297939 3.165236
0.48252 3.949477
0.4888 3.946646
0.4888 3.946646
1.493224 2.806644
1.525502 2.737333
2.000269 0.895884
1.234144 3.263501
0.99281 3.569257
1.53078 2.725681
0.830817 3.725054
1.533755 2.719072
1.535992 2.714085
1.987681 1.004363
1.769707 2.074368
1.769707 2.074368
1.010051 3.550505
1.010051 3.550505
1.765257 2.089421
1.765257 2.089421
1.985316 1.023333
1.985316 1.023333
1.804556 1.950958
2.006297 0.838413
1.929711 1.389679
1.929711 1.389679
1.812827 1.920095
1.812827 1.920095
1.085743 3.462846
2.006669 0.834728
1.570909 2.633968
1.816172 1.907426
1.816172 1.907426
1.040707 3.516065
1.040707 3.516065
1.103986 3.440372
2.007243 0.828994
1.842932 1.80187
1.842932 1.80187
1.114227 3.427516
1.116588 3.424529
1.851746 1.765321
1.853428 1.758238
0.804102 3.747395
2.011243 0.787795
2.02373 0.640416
1.347327 3.083303
1.199831 3.313072
1.199831 3.313072
1.199327 3.313784
2.030407 0.543508
2.030407 0.543508
2.030407 0.543508
2.030407 0.543508
2.030407 0.543508
2.033777 0.48643
1.939389 1.334125
1.939389 1.334125
2.018682 0.704092
2.018682 0.704092
2.018682 0.704092
2.018682 0.704092
2.018682 0.704092
1.180277 3.34035
1.180996 3.339359
1.180996 3.339359
1.949745 1.271552
1.955588 1.234632
1.954862 1.23929
1.973402 1.113446
1.972676 1.118679
1.972676 1.118679
1.944415 1.304186
1.944415 1.304186
1.961774 1.194125
1.961774 1.194125
1.9694 1.141942
1.9694 1.141942
1.65387 2.42465
1.65387 2.42465
1.429741 2.933913
1.429741 2.933913
1.676796 2.361377
1.676796 2.361377
1.871743 1.678664
1.871743 1.678664
1.871743 1.678664
1.871743 1.678664
1.67653 2.362127
1.67653 2.362127
1.429144 2.935058
1.656921 2.416378
0.697418 3.82778
1.728101 2.209583
1.670392 2.379315
1.670392 2.379315
1.714967 2.249894
1.908205 1.50467

2.028452 0.233148
0.458075 3.93875
0.469166 3.933835
0.469166 3.933835
0.504075 3.9175
0.504075 3.9175
1.605381 2.497865
1.632703 2.426477
1.252589 3.198174
1.97882 0.938808
1.984169 0.891607
1.640557 2.405327
1.736005 2.121923
1.975739 0.964854
1.942629 1.206934
1.794073 1.919498
1.653742 2.369152
1.425912 2.897531
1.431543 2.886528
1.431543 2.886528
1.431543 2.886528
1.813398 1.845484
1.813398 1.845484
1.901164 1.448771
1.705063 2.219646
1.825167 1.798479
1.030283 3.495944
1.40299 2.941446
1.968178 1.025731
1.90419 1.432698
1.02135 3.506188
1.890895 1.501809
1.782884 1.960698
1.782884 1.960698
0.802993 3.721014
0.802993 3.721014
1.102163 3.40895
1.102163 3.40895
1.102163 3.40895
1.778191 1.977645
1.558969 2.611962
1.013433 3.515164
1.558621 2.612787
1.959881 1.088259
1.959881 1.088259
1.765352 2.023038
1.11239 3.395891
1.113356 3.394648
1.850712 1.690733
1.755965 2.05538
1.755965 2.05538
1.755965 2.05538
1.755965 2.05538
0.771186 3.746991
1.857255 1.661735
1.138071 3.362319
1.835569 1.7556
1.835569 1.7556
1.962029 1.072459
1.962029 1.072459
1.962029 1.072459
1.962029 1.072459
0.68771 3.809229
0.68771 3.809229
0.68771 3.809229
1.839892 1.737391
1.839892 1.737391
1.859529 1.651509
1.909542 1.403751
1.909542 1.403751
1.372267 2.998176
1.372267 2.998176
1.372267 2.998176
1.861663 1.641842
2.009252 0.61939
2.009252 0.61939
1.91188 1.390884
2.006338 0.657325
2.006338 0.657325
2.006338 0.657325
2.006338 0.657325
1.496938 2.752069
1.496938 2.752069
1.690992 2.262104
1.193045 3.286568
0.75096 3.762853
0.75096 3.762853
0.703628 3.798012
1.500634 2.744085
0.981861 3.550028
0.714741 3.79
0.714741 3.79
2.014036 0.550985
2.014036 0.550985
2.014036 0.550985
0.977035 3.555227
0.977035 3.555227
0.977035 3.555227
1.183412 3.300235
1.685929 2.2771

0.82564 3.721428
1.951949 1.225782
0.845352 3.704378
0.610231 3.876525
0.610231 3.876525
0.868516 3.683695
1.968392 1.113939
0.406149 3.974592
2.01076 0.741354
2.003403 0.819632
2.003403 0.819632
1.937566 1.314892
1.776291 2.032429
1.776291 2.032429
1.144296 3.378703
0.914677 3.640344
1.603164 2.540818
1.603164 2.540818
1.324628 3.110047
1.324628 3.110047
1.908521 1.476326
1.785507 1.999959
1.787407 1.993175
1.788438 1.98948
1.240085 3.243873
1.240085 3.243873
1.337763 3.087886
0.538257 3.916305
1.813978 1.894899
1.338721 3.086254
1.57152 2.617914
1.72146 2.212383
1.810626 1.907668
1.810626 1.907668
1.831081 1.82795
1.809466 1.91206
0.968871 3.585706
1.834022 1.816116
1.995039 0.899692
0.975718 3.578506
0.975718 3.578506
0.514275 3.928285
1.253442 3.223701
1.253442 3.223701
1.253442 3.223701
1.253442 3.223701
1.253442 3.223701
0.458848 3.953585
0.4592 3.953435
0.4592 3.953435
1.924814 1.388458
0.460731 3.95278
1.395862 2.985053
1.395862 2.985053
1.395862 2.985053
2.021386 0.608874
2.021386 0.608874
2.021386 0.608874
0.497773 3.936165
0.490539 3.939526
2.019677 0.63224
2.02018 0.625464
2.02018 0.625464
2.02018 0.625464
2.02018 0.625464
1.890629 1.566193
1.890629 1.566193
1.111988 3.420518
1.111988 3.420518
0.998766 3.553771
0.998766 3.553771
0.998766 3.553771
0.998766 3.553771
1.921579 1.406418
1.921579 1.406418
1.921579 1.406418
1.921579 1.406418
1.921579 1.406418
1.921579 1.406418
1.384174 3.006392
1.384174 3.006392
1.384174 3.006392
1.384174 3.006392
1.845919 1.767214
2.032903 0.414251
1.676002 2.347014
1.676002 2.347014
2.032961 0.413009
1.461424 2.858765
1.461424 2.858765
1.461424 2.858765
1.863851 1.690123
1.848459 1.756552
1.848579 1.756044
1.848579 1.756044
1.669354 2.365752
1.526414 2.7214
1.86537 1.683388
1.855283 1.727491
1.855283 1.727491

0.338012 3.998957
0.338012 3.998957
1.187663 3.322558
1.994353 0.917663
1.994353 0.917663
1.117465 3.416233
0.705572 3.816744
0.550524 3.911729
0.507805 3.933151
1.882381 1.612318
0.522281 3.926116
0.522281 3.926116
0.522281 3.926116
0.522281 3.926116
0.745678 3.787605
0.755044 3.78052
0.755044 3.78052
0.755044 3.78052
1.91024 1.474682
2.024823 0.577562
0.831898 3.718259
0.831898 3.718259
1.970506 1.108358
1.970506 1.108358
1.970506 1.108358
1.970506 1.108358
2.015529 0.700819
2.0174 0.677972
2.0174 0.677972
2.011743 0.744718
2.011743 0.744718
2.011743 0.744718
2.011743 0.744718
1.262126 3.213389
1.262126 3.213389
1.262126 3.213389
0.892001 3.664281
0.892001 3.664281
1.060606 3.486048
1.059469 3.487392
1.917078 1.438489
1.278441 3.188021
1.278441 3.188021
1.777278 2.034273
1.409487 2.963126
1.917772 1.434756
1.918947 1.428405
1.921804 1.412835
1.868089 1.677701
1.868089 1.677701
1.954035 1.22108
1.954035 1.22108
1.953768 1.222812
1.390567 2.998089
1.030929 3.520454
1.030929 3.520454
1.030929 3.520454
1.951619 1.236642
1.860642 1.71056
1.720861 2.219049
0.944353 3.613304
1.859825 1.714114
1.859825 1.714114
1.859825 1.714114
1.803498 1.940003
1.803498 1.940003
1.332537 3.099915
1.651302 2.41988
1.731965 2.184411
0.953263 3.604248
0.953263 3.604248
0.956337 3.601099
1.825528 1.855847
1.825528 1.855847
1.938407 1.318071
1.938407 1.318071
1.938407 1.318071
1.938407 1.318071
1.938407 1.318071
1.733238 2.180391
1.439337 2.906079
1.508393 2.764523
1.508393 2.764523
1.508393 2.764523
2.030181 0.491025
2.030181 0.491025
2.030181 0.491025
2.030181 0.491025
2.030181 0.491025
1.664338 2.384184
1.664338 2.384184
1.664338 2.384184
1.664523 2.38367
1.555401 2.659627
1.555401 2.659627
1.555401 2.659627
1.944294 1.28252
1.944294 1.28252
1.73531 2.173823
1.676526 2.350043

0.255595 4.00931
0.255595 4.00931
0.255595 4.00931
1.874124 1.600802
0.834845 3.699228
1.838 1.760681
1.838 1.760681
1.833184 1.780666
1.833184 1.780666
1.806475 1.88668
1.816429 1.84808
0.866072 3.671295
1.023712 3.509792
0.986838 3.550769
0.562278 3.891861
0.562278 3.891861
1.455015 2.848606
0.923511 3.616508
1.770625 2.017843
1.770625 2.017843
1.770625 2.017843
1.45707 2.84445
0.965744 3.573304
0.929236 3.610799
0.929236 3.610799
0.937953 3.602018
1.692138 2.270385
1.983854 0.923607
1.983854 0.923607
1.952569 1.163372
1.953007 1.160389
1.981295 0.945749
1.997003 0.799254
1.957992 1.125845
1.998489 0.783843
1.998489 0.783843
1.998489 0.783843
1.998489 0.783843
1.338011 3.066719
1.901258 1.466649
1.901776 1.463951
1.901776 1.463951
0.614216 3.861894
0.614216 3.861894
1.103467 3.413968
1.193325 3.293305
1.188195 3.300579
1.971611 1.024847
1.971611 1.024847
0.670969 3.825628
0.670969 3.825628
1.220049 3.254612
0.66761 3.827879
0.66761 3.827879
0.66761 3.827879
0.66761 3.827879
1.967665 1.055212
1.967665 1.055212
1.967665 1.055212
1.967665 1.055212
1.233228 3.235031
2.018769 0.525843
1.235917 3.230995
2.017937 0.539104
2.017937 0.539104
2.017937 0.539104
2.021471 0.480086
2.021471 0.480086
1.595624 2.532889
1.595624 2.532889
1.528183 2.69272
1.595301 2.533694
2.022139 0.468015
1.736697 2.132187
1.736697 2.132187
1.24121 3.223007
1.7134 2.205995
1.7134 2.205995
2.014044 0.596896
2.014044 0.596896
2.013696 0.601768
1.582068 2.566403
1.539947 2.666036
1.539947 2.666036
1.539947 2.666036
1.539947 2.666036
2.022825 0.455259
1.131572 3.377734
1.131572 3.377734
1.15087 3.352074
1.15087 3.352074
1.503591 2.746994
1.503591 2.746994
1.503591 2.746994
2.010551 0.64402
2.010551 0.64402
2.010551 0.64402
2.010551 0.64402
2.010551 0.64402
2.010551 0.64402

1.955721 1.142123
1.955721 1.142123
1.449888 2.859073
1.511642 2.729605
1.519062 2.713244
0.415736 3.960462
0.415736 3.960462
1.689415 2.278639
1.426754 2.904703
1.544322 2.656155
1.629139 2.446907
1.420481 2.916823
1.676828 2.315327
1.673405 2.325156
2.008434 0.671526
2.008434 0.671526
2.008434 0.671526
1.880189 1.572288
1.656742 2.372125
1.656742 2.372125
1.871437 1.613651
1.36493 3.019715
1.65179 2.38581
1.651995 2.385245
1.405721 2.94493
1.405721 2.94493
1.870259 1.619121
1.403547 2.949022
1.574078 2.585987
2.010293 0.648052
2.01105 0.638222
1.569191 2.597736
1.569191 2.597736
1.569191 2.597736
1.569191 2.597736
0.983813 3.554144
1.915047 1.392912
2.017207 0.551248
1.970631 1.032915
1.970631 1.032915
1.806156 1.888142
1.995618 0.813883
2.018105 0.537289
1.912309 1.407977
1.912309 1.407977
1.973784 1.008134
1.973784 1.008134
1.792024 1.941195
1.792024 1.941195
1.892778 1.510406
1.977227 0.980294
0.613053 3.862679
1.744046 2.108359
1.744046 2.108359
1.820165 1.83357
1.820196 1.833445
0.958757 3.58073
0.686042 3.815449
0.686042 3.815449
0.686042 3.815449
1.897867 1.484513
0.954375 3.585286
0.954375 3.585286
0.95386 3.58582
0.854038 3.682307
1.160854 3.338662
1.159825 3.340064
1.903245 1.456563
1.903245 1.456563
1.903245 1.456563
1.903245 1.456563
1.825699 1.811429
1.825699 1.811429
1.825699 1.811429
0.927032 3.613102
1.845386 1.729735
1.845386 1.729735
0.79295 3.734807
1.107735 3.408665
2.024648 0.420352
0.513864 3.917158
1.751777 2.08265
1.751777 2.08265
1.751777 2.08265
1.770736 2.017681
1.843722 1.736828
1.843722 1.736828
1.843722 1.736828
1.843722 1.736828
1.773157 2.009176
1.773157 2.009176
1.773157 2.009176
1.773157 2.009176
1.178189 3.31475
2.024269 0.428097
1.757283 2.064067
1.232552 3.236169
2.023792 0.43762
1.140533 3.366016
1.230707 3.238928

1.427936 2.870684
1.975049 0.8964
0.20603 4.006542
0.20603 4.006542
1.389335 2.944841
1.968355 0.954235
1.693797 2.222695
1.519291 2.67804
1.519291 2.67804
2.010997 0.465851
2.010997 0.465851
2.010997 0.465851
2.010997 0.465851
2.010997 0.465851
0.584085 3.862805
1.991484 0.73366
1.991484 0.73366
1.526842 2.660921
1.526842 2.660921
1.305225 3.093527
1.363814 2.99175
1.363814 2.99175
1.363814 2.99175
1.363814 2.99175
1.297275 3.106735
1.678415 2.268732
1.678415 2.268732
1.999318 0.640559
1.280812 3.13365
1.995669 0.685597
1.995669 0.685597
1.995669 0.685597
1.995669 0.685597
0.508893 3.903574
0.508893 3.903574
0.508893 3.903574
1.567125 2.566136
1.248782 3.184376
1.851922 1.643222
1.749607 2.042963
1.844621 1.675795
1.858629 1.612595
1.86003 1.606105
1.859892 1.606749
1.86075 1.60276
1.655344 2.335293
1.817644 1.789907
1.817644 1.789907
1.817644 1.789907
1.818201 1.787644
1.824536 1.761625
1.785282 1.915721
1.830045 1.738607
1.830045 1.738607
1.883526 1.492253
1.883526 1.492253
1.883526 1.492253
1.647418 2.357515
1.06172 3.441835
1.06172 3.441835
1.06172 3.441835
1.06172 3.441835
1.06172 3.441835
1.06172 3.441835
1.06172 3.441835
1.887296 1.473013
1.887296 1.473013
1.644895 2.364519
1.89309 1.442854
1.641172 2.374801
1.641172 2.374801
1.219117 3.2295
1.219117 3.2295
1.219117 3.2295
1.219117 3.2295
1.215569 3.234781
1.628146 2.410238
1.582649 2.527959
1.582649 2.527959
1.902093 1.394482
1.902093 1.394482
1.163886 3.309009
1.163886 3.309009
1.163886 3.309009
1.163886 3.309009
1.163886 3.309009
1.163886 3.309009
1.928135 1.242317
0.799211 3.70997
0.799211 3.70997
0.344983 3.97119
0.344983 3.97119
1.779244 1.938039
1.779244 1.938039
1.779244 1.938039
1.952407 1.078653
1.952407 1.078653
1.952407 1.078653
1.952407 1.078653
1.952407 1.078653

0.51243 3.911741
1.994595 0.778193
1.994595 0.778193
1.994595 0.778193
1.42667 2.892797
1.42667 2.892797
1.426474 2.89318
1.877263 1.562561
1.47929 2.786187
1.647515 2.382204
0.573591 3.879268
1.627392 2.436584
1.627392 2.436584
1.627392 2.436584
1.65807 2.352894
1.65807 2.352894
1.964299 1.045998
1.952085 1.134832
1.677061 2.298708
1.865791 1.61674
0.753052 3.759276
1.889296 1.503206
1.930411 1.275808
1.930411 1.275808
1.890171 1.498784
1.890698 1.496112
1.936932 1.235292
1.693199 2.251114
1.946261 1.174582
1.946261 1.174582
1.946261 1.174582
1.946261 1.174582
1.923204 1.318951
1.736186 2.11662
1.736186 2.11662
1.734187 2.123144
1.968049 1.016995
0.817977 3.706281
1.780414 1.964544
0.606991 3.859769
0.606991 3.859769
1.773304 1.990058
1.752351 2.062805
1.752351 2.062805
1.049269 3.471352
1.775532 1.98211
1.502898 2.735663
1.502898 2.735663
1.763351 2.025055
1.762897 2.026632
1.969691 1.00401
1.969691 1.00401
1.060098 3.458429
1.918252 1.347687
1.709797 2.200577
1.914704 1.367845
1.903006 1.432023
1.705765 2.213008
1.705765 2.213008
1.705765 2.213008
1.705765 2.213008
1.368536 3.001813
1.368278 3.002276
1.366849 3.004849
1.797288 1.902174
1.797288 1.902174
1.797288 1.902174
1.907032 1.410316
1.97783 0.936718
1.908832 1.400486
1.908832 1.400486
1.908832 1.400486
1.978621 0.929895
1.978621 0.929895
1.978621 0.929895
1.978621 0.929895
1.978621 0.929895
1.590798 2.530787
1.549904 2.629592
0.839386 3.687627
0.839386 3.687627
0.839386 3.687627
1.539796 2.653048
0.915343 3.616542
1.017909 3.507744
1.017909 3.507744
1.28009 3.152101
1.28009 3.152101
1.28009 3.152101
0.646314 3.835182
0.646314 3.835182
0.85408 3.674477
1.140103 3.357037
1.140103 3.357037
0.908338 3.623426
0.908338 3.623426
1.522971 2.691292
1.522971 2.691292
0.907889 3.623864
0.907889 3.623864

2.02801 0.321438
2.02801 0.321438
2.015927 0.557921
2.015927 0.557921
2.015927 0.557921
2.015146 0.569582
0.401543 3.964789
1.081778 3.439382
0.696344 3.806935
0.710688 3.796729
0.736391 3.777824
1.915547 1.384953
1.915547 1.384953
1.025146 3.50657
1.025146 3.50657
1.025146 3.50657
1.876318 1.586205
1.005397 3.528835
1.992626 0.834915
1.992626 0.834915
1.650487 2.386428
1.658101 2.365353
0.532177 3.906724
0.532177 3.906724
0.532177 3.906724
1.942567 1.22376
1.942567 1.22376
1.942567 1.22376
0.533975 3.905796
0.533975 3.905796
0.533975 3.905796
0.533975 3.905796
1.797409 1.917459
1.797409 1.917459
1.871573 1.608539
1.955043 1.140552
0.940817 3.597615
0.940817 3.597615
1.194906 3.289255
1.194906 3.289255
1.194968 3.289167
1.194968 3.289167
1.671419 2.327784
1.613876 2.483915
1.933134 1.282663
1.422504 2.91061
1.61303 2.486098
1.61303 2.486098
1.429879 2.896294
1.276593 3.166256
1.276593 3.166256
1.276593 3.166256
1.26214 3.188984
1.927503 1.31641
1.927503 1.31641
1.927503 1.31641
1.927503 1.31641
0.931056 3.60749
0.931056 3.60749
1.447717 2.861046
1.21158 3.2652
1.451817 2.85282
1.452064 2.852322
1.256221 3.198168
1.457777 2.840775
1.457777 2.840775
1.219722 3.253262
1.254204 3.201281
1.607562 2.50012
1.865153 1.638176
1.865153 1.638176
1.865153 1.638176
1.396616 2.959722
1.860416 1.659634
1.680626 2.301262
1.680626 2.301262
1.849469 1.70796
1.849469 1.70796
1.849469 1.70796
1.817747 1.839224
1.567328 2.599512
1.96191 1.091724
1.781305 1.976566
1.686487 2.284138
1.973937 0.999797
1.495069 2.763019
1.973059 1.006827
1.973059 1.006827
1.325905 3.08538
1.688859 2.277153
1.587203 2.551226
1.587203 2.551226
1.962827 1.085013
1.543287 2.655928
1.543287 2.655928
1.543287 2.655928
1.577122 2.57591
1.577122 2.57591
1.577122 2.57591
1.577122 2.57591

1.623791 2.477224
1.653338 2.398404
1.556252 2.643433
1.556252 2.643433
1.659377 2.381786
1.66787 2.358106
0.689931 3.820368
1.963999 1.120059
1.963999 1.120059
1.502983 2.762673
1.502983 2.762673
0.789795 3.745546
1.79997 1.932926
0.623738 3.863413
2.022449 0.544216
1.091964 3.438621
1.995396 0.864447
0.604826 3.874784
1.993363 0.883484
0.810528 3.728468
0.810528 3.728468
1.480801 2.809607
0.598904 3.878261
1.301533 3.139944
1.167576 3.340122
1.167576 3.340122
1.034318 3.507412
1.475497 2.820608
2.003556 0.782932
2.003556 0.782932
1.721641 2.199081
1.122939 3.399442
1.122939 3.399442
0.890401 3.657481
1.157292 3.354097
1.157292 3.354097
1.157292 3.354097
1.153661 3.358986
1.459443 2.853396
1.832445 1.806834
1.832445 1.806834
1.832445 1.806834
1.832445 1.806834
1.78766 1.978013
1.369368 3.02432
1.359964 3.040982
1.988715 0.925409
0.925516 3.623577
1.447533 2.877244
0.855933 3.689141
0.855933 3.689141
1.839018 1.779906
2.02509 0.500888
2.02509 0.500888
2.02509 0.500888
0.862851 3.682914
0.862851 3.682914
0.928278 3.620838
1.313933 3.119578
1.727854 2.179595
1.34157 3.072968
1.851223 1.728499
1.383142 2.999533
1.849384 1.73637
1.729066 2.175765
1.729066 2.175765
1.384256 2.997507
1.384256 2.997507
1.316372 3.115533
1.316372 3.115533
1.316372 3.115533
1.987171 0.938884
1.322036 3.10609
1.433267 2.905286
1.433267 2.905286
1.407718 2.954135
1.781116 2.001437
1.781116 2.001437
1.93585 1.303493
1.93585 1.303493
1.415991 2.938506
1.425878 2.919592
2.007563 0.739298
1.421059 2.928844
1.006567 3.538693
1.890581 1.548185
1.890581 1.548185
1.901816 1.491834
2.008308 0.730879
1.859392 1.692997
2.031506 0.37266
2.031506 0.37266
1.933692 1.316367
1.915321 1.420575
1.887477 1.563326
1.887477 1.563326
1.887477 1.563326
1.861777 1.682461
1.861777 1.682461
1.982798 0.975933

1.994116 1.384258
1.987212 1.432539
1.985472 1.442355
1.929759 1.597914
1.861965 1.944508
1.160262 3.382126
1.193481 3.361691
1.209244 3.357297
1.211412 3.342377
1.849108 2.05629
1.848426 2.15441
1.526085 2.733461
1.526085 2.733461
1.526085 2.733461
1.362336 3.143738
1.362336 3.143738
1.362336 3.143738
1.588 2.557031
1.812198 2.220592
1.622248 2.485638
1.392463 2.937577
1.392463 2.937577
1.392463 2.937577
1.392463 2.937577
1.392463 2.937577
1.392463 2.937577
1.705631 2.254336
1.705631 2.254336
1.705631 2.254336
1.705631 2.254336
1.652913 2.385901
1.652913 2.385901
1.873854 1.537467
1.376718 3.031843
1.448328 2.838915
1.267431 3.212463
1.672196 2.331414
1.785482 2.0024
1.102197 3.467649
1.740804 2.129695
1.613956 2.470343
1.927581 1.427236
1.482862 2.910502
1.266333 3.229268
1.314382 3.108314
1.19137 3.292687
1.557929 2.600817
1.692755 2.223894
1.776764 2.121355
1.224283 3.321815
1.062521 3.48489
1.41889 2.886986
1.690806 2.290411
1.494414 2.83488
1.62612 2.413883
1.340429 3.049612
1.970807 1.090374
1.900171 1.401834
1.348601 3.130004
1.146292 3.332015
1.738175 2.18709
1.887304 1.536516
1.588 2.557031
1.15322 3.355102
1.954747 1.268928
1.692561 2.344904
1.586528 2.517317
1.950214 1.236837
1.607668 2.462594
1.836742 1.714106
1.575264 2.586015
1.80171 1.83605
1.633415 2.382968
1.392463 2.937577
1.652913 2.385901
1.855452 1.624474
1.499123 2.721264
2.021511 0.596152
1.538115 2.633376
0.436305 3.961913
1.709732 2.258437
1.705631 2.254336
1.637853 2.387406
1.392463 2.937577
1.392463 2.937577
1.392463 2.937577
1.392463 2.937577
1.392463 2.937577
1.392463 2.937577
1.392463 2.937577
1.392463 2.937577
1.65614 2.389128
1.652913 2.385901
1.652913 2.385901
1.652913 2.385901
1.66974 2.38477
1.66974 2.384771
1.66974 2.384771
1.66974 2.384771
1.640839 2.362561

0.140085 4.023099
2.027509 0.19596
2.027509 0.19596
2.027509 0.19596
2.027509 0.19596
2.027509 0.19596
2.027509 0.19596
1.480084 2.782478
1.448559 2.847439
1.44846 2.847639
1.72457 2.151395
1.087361 3.423591
1.147033 3.346205
1.495487 2.749642
1.741129 2.097537
1.511494 2.714719
1.171861 3.312192
1.171861 3.312192
0.566287 3.882343
0.566287 3.882343
0.327176 3.984616
0.329272 3.983983
1.37967 2.979742
0.546961 3.892909
1.837065 1.740141
1.372907 2.992067
1.896451 1.462492
1.691186 2.254516
1.691186 2.254516
1.691186 2.254516
1.901875 1.433898
1.901875 1.433898
1.54957 2.628182
2.010267 0.579002
2.010267 0.579002
2.010267 0.579002
1.76529 2.015352
1.960046 1.072346
1.960046 1.072346
1.963084 1.049582
1.817515 1.820444
1.817515 1.820444
1.953177 1.121935
1.816282 1.825355
1.816282 1.825355
1.355876 3.022609
1.774194 1.983891
1.805672 1.866977
1.949828 1.145254
1.949828 1.145254
0.819275 3.703946
0.819275 3.703946
1.915802 1.357266
1.915802 1.357266
1.974549 0.958326
1.227877 3.231298
1.564235 2.59347
0.668042 3.81973
1.780766 1.960234
1.780766 1.960234
1.23225 3.224732
1.331817 3.064578
1.339028 3.05214
1.339028 3.05214
1.339028 3.05214
0.807126 3.714299
2.00495 0.650843
1.784997 1.944805
1.784997 1.944805
1.784997 1.944805
1.921187 1.326261
1.921187 1.326261
0.459876 3.935425
0.680979 3.81091
1.982764 0.886615
1.978744 0.922465
1.978929 0.920846
1.978929 0.920846
1.978929 0.920846
1.978929 0.920846
1.874262 1.573162
1.874262 1.573162
1.874262 1.573162
1.874262 1.573162
1.577228 2.562033
1.609906 2.479972
1.995947 0.756127
1.607795 2.485409
1.861497 1.632812
1.861497 1.632812
0.430419 3.94795
0.430419 3.94795
0.430419 3.94795
0.430419 3.94795
0.430419 3.94795
0.430419 3.94795
0.430419 3.94795
1.581796 2.550826
1.581796 2.550826
1.583346 2.547002

0.311063 3.992218
1.980673 0.92746
1.964376 1.059029
1.964376 1.059029
1.984731 0.891383
1.984731 0.891383
1.995797 0.783834
1.995797 0.783834
0.737461 3.774008
0.737461 3.774008
0.737461 3.774008
0.737461 3.774008
0.9989 3.532417
2.028312 0.256955
2.028312 0.256955
2.028312 0.256955
2.020622 0.447947
2.020622 0.447947
1.516877 2.710021
1.518122 2.707256
1.8921 1.498645
1.633776 2.425386
1.456843 2.837466
0.915491 3.619552
1.647571 2.388003
0.904885 3.629926
0.904885 3.629926
0.860014 3.672123
1.935895 1.253372
0.863631 3.668822
0.863631 3.668822
1.200274 3.277379
1.200274 3.277379
1.762636 2.034629
0.892123 3.642205
0.892123 3.642205
2.025636 0.33736
2.025636 0.33736
2.025636 0.33736
2.025636 0.33736
2.025636 0.33736
1.668414 2.329739
1.668414 2.329739
1.853671 1.680324
1.66065 2.351701
1.66065 2.351701
1.66065 2.351701
1.66065 2.351701
1.711473 2.201895
1.863078 1.638092
1.043108 3.482075
1.871215 1.600462
1.871215 1.600462
1.737927 2.117711
1.737927 2.117711
1.870802 1.602399
1.812083 1.853021
1.870735 1.602709
1.870735 1.602709
0.579423 3.878449
0.579423 3.878449
1.847387 1.707824
1.541118 2.655251
1.541118 2.655251
1.716493 2.186271
1.71655 2.186095
1.717084 2.184422
1.931779 1.278739
1.729644 2.144573
1.052191 3.471359
1.726585 2.154375
1.726585 2.154375
1.772606 1.999758
1.551926 2.630168
1.175806 3.312067
1.059523 3.462614
1.059523 3.462614
1.840179 1.738709
1.840179 1.738709
1.776205 1.986971
1.776205 1.986971
1.776205 1.986971
1.169991 3.32015
1.169991 3.32015
1.777761 1.981406
1.828651 1.786733
1.828651 1.786733
1.828651 1.786733
1.828651 1.786733
1.833782 1.765561
1.833101 1.76839
1.592113 2.533059
1.592113 2.533059
1.592113 2.533059
1.592113 2.533059
1.390383 2.966394
1.390383 2.966394
1.430816 2.889385
1.430816 2.889385
1.158929 3.335358

2.003518 0.727683
1.047951 3.481486
1.047951 3.481486
1.05494 3.473225
1.885454 1.545805
1.885454 1.545805
2.02654 0.375201
1.05824 3.469297
1.870982 1.614843
2.025767 0.392794
1.903097 1.45632
1.905808 1.441988
1.137108 3.370177
0.894464 3.644554
0.886723 3.651894
0.886723 3.651894
1.920019 1.363976
1.746925 2.098131
1.751106 2.084187
1.364132 3.020683
1.779864 1.98462
1.85037 1.707402
1.756742 2.065189
1.719168 2.187585
1.761682 2.048336
1.761682 2.048336
1.331106 3.078236
1.387179 2.978978
1.992379 0.844049
1.795308 1.92827
1.796056 1.925485
1.796056 1.925485
1.391829 2.970403
1.7104 2.214785
1.552364 2.636968
1.548299 2.646423
1.406574 2.942852
1.406574 2.942852
1.535421 2.67599
1.535421 2.67599
1.41275 2.931145
1.175461 3.31816
1.989662 0.869888
1.989569 0.870758
1.989569 0.870758
1.431569 2.894846
1.842224 1.742327
1.495297 2.764502
1.702286 2.239536
1.702286 2.239536
1.5193 2.712193
1.5193 2.712193
1.5193 2.712193
1.986713 0.897023
1.986634 0.897736
1.986634 0.897736
1.489113 2.777681
1.445918 2.866521
1.445918 2.866521
2.020228 0.499667
2.020228 0.499667
1.303358 3.124672
1.303358 3.124672
1.303358 3.124672
1.303358 3.124672
0.546187 3.900358
1.477556 2.801994
1.477556 2.801994
1.838973 1.756022
0.816626 3.714728
0.816626 3.714728
1.837785 1.760995
1.465681 2.826557
1.957319 1.129674
1.932806 1.289089
1.81357 1.858717
1.463552 2.830916
1.463552 2.830916
0.551393 3.897583
0.551393 3.897583
1.933219 1.286585
1.690244 2.275545
1.976484 0.984883
1.933696 1.28369
1.933696 1.28369
1.934053 1.281516
1.27754 3.166377
1.276448 3.168109
1.276448 3.168109
1.665141 2.348007
1.939278 1.249228
1.941229 1.236921
1.613715 2.486577
0.803321 3.725933
1.684903 2.291251
1.684607 2.292117
1.684607 2.292117
1.582728 2.564399
1.582986 2.563767
0.590228 3.875934

1.262102 3.212833
1.068889 3.475688
1.068889 3.475688
2.034175 0.40813
2.034175 0.40813
1.042241 3.506998
1.042241 3.506998
1.006204 3.547605
1.293651 3.163272
0.950603 3.606493
0.950603 3.606493
0.950603 3.606493
0.95702 3.599925
0.518999 3.927383
0.518999 3.927383
0.518999 3.927383
0.518999 3.927383
0.518999 3.927383
0.795892 3.74793
0.795892 3.74793
0.795892 3.74793
0.795892 3.74793
1.572518 2.618732
1.840203 1.795746
1.841835 1.789037
1.882841 1.608831
1.86195 1.703588
1.87275 1.655434
1.868527 1.674466
1.871853 1.659497
1.8661 1.685284
2.030166 0.486912
2.030166 0.486912
2.030166 0.486912
0.627101 3.867879
0.627101 3.867879
1.963035 1.159179
1.828943 1.841193
1.828943 1.841193
1.61162 2.522873
1.818768 1.881058
1.554953 2.65989
1.554953 2.65989
1.812171 1.90633
1.800082 1.951538
1.80199 1.944496
1.80199 1.944496
1.678444 2.343706
0.716511 3.808588
1.960107 1.17913
1.960107 1.17913
1.684771 2.325608
1.684771 2.325608
1.331513 3.101018
1.331513 3.101018
1.543803 2.685441
1.543803 2.685441
1.537454 2.699799
1.537454 2.699799
1.786333 2.001324
1.33511 3.094939
1.898458 1.5333
0.688181 3.82839
0.688181 3.82839
0.688181 3.82839
0.688181 3.82839
0.688181 3.82839
1.344587 3.078784
1.421712 2.93937
1.956233 1.204954
1.66605 2.378554
1.66605 2.378554
1.989476 0.957886
2.006399 0.799588
2.006399 0.799588
1.45165 2.881154
1.45165 2.881154
1.45165 2.881154
1.45165 2.881154
1.45165 2.881154
1.49364 2.795235
1.49364 2.795235
1.49364 2.795235
1.49364 2.795235
1.954626 1.215488
1.954203 1.21824
1.990115 0.952433
1.990115 0.952433
1.990115 0.952433
2.020691 0.632251
1.710337 2.250232
1.710337 2.250232
1.710337 2.250232
1.710337 2.250232
1.486928 2.809318
1.486928 2.809318
1.935798 1.331878
1.775172 2.040549
1.775172 2.040549
2.009587 0.76572

1.985295 0.885346
1.985295 0.885346
1.928665 1.296935
0.970103 3.563451
0.846952 3.683732
0.846952 3.683732
1.127647 3.376996
1.748884 2.081043
1.73435 2.128992
0.86612 3.666369
1.357007 3.02658
1.357007 3.02658
1.357818 3.025144
1.357818 3.025144
1.364664 3.012955
1.648273 2.385743
1.646644 2.390212
1.905094 1.430374
1.905094 1.430374
1.975067 0.974093
1.547931 2.639191
1.547931 2.639191
1.859176 1.655277
1.538467 2.661045
1.72401 2.162205
0.602954 3.864589
0.602954 3.864589
1.972943 0.99144
1.972943 0.99144
1.461787 2.827114
0.758702 3.757545
1.496051 2.755227
1.657151 2.361158
0.604336 3.863763
0.604336 3.863763
0.604336 3.863763
0.922796 3.612138
0.934631 3.600255
0.934631 3.600255
0.934631 3.600255
0.934631 3.600255
0.934631 3.600255
0.288727 3.998156
0.288727 3.998156
0.288727 3.998156
0.288727 3.998156
0.288727 3.998156
0.662804 3.826837
1.413379 2.922867
1.413379 2.922867
1.413379 2.922867
0.747205 3.76644
1.715646 2.188551
1.715646 2.188551
1.715646 2.188551
1.874404 1.584907
1.874404 1.584907
1.509322 2.726399
1.509322 2.726399
1.509322 2.726399
1.509322 2.726399
1.509322 2.726399
1.939507 1.229965
0.367801 3.974414
0.367801 3.974414
1.851748 1.688317
1.422815 2.904708
1.771976 2.001582
1.771976 2.001582
1.432401 2.886015
1.209685 3.263523
1.811174 1.856134
1.269496 3.172819
1.807575 1.870109
1.448066 2.854921
1.448066 2.854921
1.448066 2.854921
1.448066 2.854921
1.267776 3.175528
1.267776 3.175528
1.774469 1.992748
1.613081 2.479499
0.388832 3.967006
0.695286 3.804602
0.695286 3.804602
0.695286 3.804602
1.895178 1.482386
1.895178 1.482386
1.895178 1.482386
0.722238 3.785198
0.722238 3.785198
1.777151 1.983181
1.964508 1.057271
1.964508 1.057271
1.964508 1.057271
1.261311 3.185653
0.718448 3.78798
0.718448 3.78798
1.817355 1.831818
1.817355 1.831818

0.224041 4.008766
1.989828 0.806033
1.99039 0.800346
1.109775 3.392435
1.067482 3.445348
1.901807 1.426503
2.003334 0.654604
2.003334 0.654604
0.79987 3.718148
0.79987 3.718148
1.892912 1.47328
1.917958 1.336688
1.917958 1.336688
2.006613 0.611755
2.008336 0.58789
2.008336 0.58789
1.882988 1.523495
1.956459 1.088473
1.017039 3.504717
1.955625 1.094524
2.01539 0.476913
1.933789 1.241382
1.872035 1.576732
1.869611 1.588224
1.947698 1.150255
1.947669 1.150455
1.947669 1.150455
1.945044 1.16826
1.945044 1.16826
1.231088 3.223418
1.231088 3.223418
1.231088 3.223418
1.231088 3.223418
1.452926 2.834912
1.452926 2.834912
1.821938 1.796496
1.448138 2.844601
1.629707 2.423528
1.553161 2.615654
1.856126 1.65042
1.557221 2.606053
1.557221 2.606053
1.644489 2.383477
1.644489 2.383477
1.77715 1.967672
1.775784 1.972591
1.775784 1.972591
1.775784 1.972591
1.372912 2.988615
1.657164 2.348286
1.42791 2.884819
1.527763 2.674367
1.527763 2.674367
1.660524 2.338819
0.655705 3.825927
1.74296 2.086175
1.363916 3.004863
1.577552 2.557027
1.753856 2.049414
1.753856 2.049414
1.753856 2.049414
0.653734 3.827227
0.653734 3.827227
0.653734 3.827227
0.653734 3.827227
0.653734 3.827227
0.653734 3.827227
0.653734 3.827227
1.749012 2.065866
1.731029 2.125426
1.579659 2.551854
1.763223 2.017079
1.763223 2.017079
1.667659 2.318523
1.667659 2.318523
1.667659 2.318523
1.667659 2.318523
1.729263 2.131151
1.729263 2.131151
1.729263 2.131151
1.323958 3.074697
1.323958 3.074697
1.287362 3.135479
1.612716 2.468311
1.83219 1.754273
1.722957 2.15142
1.413626 2.912538
1.413626 2.912538
1.413626 2.912538
1.584449 2.540028
1.395301 2.947306
1.395301 2.947306
1.395301 2.947306
1.409207 2.921004
1.401123 2.936356
1.690855 2.250628
1.690855 2.250628
1.690855 2.250628
1.340648 3.045982
1.340648 3.045982

1.692642 2.237911
1.421121 2.892657
1.315387 3.084268
1.428632 2.877958
1.428632 2.877958
0.508221 3.908271
1.826426 1.768763
1.957479 1.065638
1.446583 2.842197
1.299388 3.110964
1.299388 3.110964
1.490313 2.751136
1.460228 2.814397
1.460228 2.814397
1.982717 0.85563
1.982717 0.85563
1.889188 1.481149
0.542108 3.89081
1.722695 2.144548
1.722695 2.144548
1.522567 2.680126
1.522567 2.680126
1.724289 2.139433
1.528044 2.667722
1.545633 2.627177
1.536218 2.649017
1.536218 2.649017
1.909153 1.374431
1.909272 1.373767
0.908461 3.615947
0.908461 3.615947
1.004268 3.515232
1.004268 3.515232
1.004268 3.515232
1.004268 3.515232
1.976494 0.912309
1.842242 1.701832
1.84256 1.700453
0.772849 3.736981
1.776455 1.961713
1.776455 1.961713
1.776455 1.961713
1.776455 1.961713
1.843509 1.696328
1.843509 1.696328
1.880411 1.525327
1.880411 1.525327
1.880411 1.525327
1.880411 1.525327
1.878875 1.532905
1.101288 3.399115
1.101288 3.399115
1.99634 0.714665
0.763459 3.744483
0.763459 3.744483
0.763459 3.744483
1.967992 0.984093
1.855195 1.644496
0.814679 3.702208
0.814679 3.702208
1.996838 0.708937
1.996838 0.708937
1.996838 0.708937
1.745663 2.069131
1.769008 1.988406
1.859366 1.625508
1.859366 1.625508
1.859187 1.626327
1.859187 1.626327
1.035848 3.479063
1.764093 2.005767
1.747726 2.062168
1.747726 2.062168
1.747726 2.062168
1.747726 2.062168
1.997729 0.698571
0.887413 3.636335
0.840777 3.679374
1.915706 1.33725
1.644467 2.376653
1.211997 3.247278
1.211997 3.247278
1.088476 3.415313
1.088476 3.415313
0.721282 3.776837
1.971814 0.952554
1.971814 0.952554
1.970418 0.964204
1.970418 0.964204
1.970418 0.964204
1.970418 0.964204
0.87469 3.648366
1.598905 2.497267
1.614232 2.457743
1.584634 2.533174
1.584634 2.533174
1.584634 2.533174
1.584634 2.533174
1.615214 2.455176
1.640183 2.388406

2.019037 0.317671
2.019037 0.317671
2.024037 0.102638
2.024037 0.102638
2.024037 0.102638
2.024037 0.102638
2.001955 0.622257
1.986663 0.797984
2.023153 0.166747
2.023153 0.166747
2.023153 0.166747
1.995608 0.700928
1.995608 0.700928
1.995016 0.707785
1.995415 0.70317
1.995415 0.70317
1.995415 0.70317
1.437122 2.855864
1.88475 1.492985
1.471199 2.786179
1.956568 1.057473
1.956568 1.057473
1.420961 2.887753
1.652563 2.347476
1.95283 1.085046
1.95283 1.085046
1.225727 3.222456
1.907316 1.373047
1.907316 1.373047
1.231148 3.214281
1.231148 3.214281
0.444983 3.934983
1.694034 2.226586
1.694034 2.226586
1.870857 1.561518
1.501506 2.721243
1.869036 1.57024
1.868213 1.574161
1.699638 2.209496
1.699638 2.209496
1.699638 2.209496
1.504537 2.714588
1.801412 1.859954
0.743556 3.756894
1.06674 3.438254
1.802509 1.855701
1.802509 1.855701
1.069248 3.435186
1.069248 3.435186
1.864696 1.59079
1.719247 2.148149
1.719247 2.148149
1.508743 2.705302
1.804929 1.84627
1.767421 1.985995
1.857969 1.622037
1.852084 1.648786
1.38005 2.965348
1.38005 2.965348
1.013398 3.501154
0.619372 3.843336
0.619372 3.843336
0.619372 3.843336
1.032886 3.478689
1.032886 3.478689
1.03212 3.479583
1.938522 1.184091
1.938522 1.184091
1.938522 1.184091
0.908519 3.612381
0.908519 3.612381
1.183852 3.283693
1.183852 3.283693
1.3739 2.97664
1.3739 2.97664
1.916145 1.322686
1.816775 1.799198
1.816775 1.799198
1.365355 2.992174
1.359774 3.002222
1.531892 2.653126
1.531892 2.653126
1.531892 2.653126
1.531892 2.653126
0.483545 3.917595
0.483545 3.917595
0.483545 3.917595
0.483545 3.917595
0.483545 3.917595
0.483545 3.917595
0.483545 3.917595
0.9545 3.565577
0.958539 3.561322
0.958539 3.561322
0.96421 3.555308
0.96421 3.555308
0.96421 3.555308
1.558775 2.590158
1.558775 2.590158
1.559534 2.58834

0.457202 3.955383
1.873138 1.652703
1.873138 1.652703
1.69811 2.286054
1.955879 1.205965
1.689903 2.310092
1.689903 2.310092
1.848754 1.759325
1.848754 1.759325
1.847631 1.764042
1.748023 2.131152
1.748023 2.131152
1.903064 1.5091
0.905729 3.65048
0.905729 3.65048
2.027098 0.535757
2.025979 0.553447
0.914943 3.641603
1.935105 1.334749
1.935105 1.334749
1.908995 1.47864
1.528522 2.719201
1.068898 3.475296
1.068898 3.475296
2.034102 0.405727
1.345376 3.076957
1.814665 1.895987
1.331095 3.101254
1.52643 2.723839
1.52643 2.723839
1.525531 2.725829
1.419229 2.943586
1.812659 1.90364
1.812659 1.90364
1.434651 2.913996
1.993817 0.918404
1.993817 0.918404
1.497935 2.785605
1.512712 2.753901
0.948097 3.608691
0.948097 3.608691
1.505549 2.769356
1.635746 2.459938
1.229026 3.262216
1.229026 3.262216
1.229026 3.262216
1.231647 3.258345
1.231647 3.258345
1.807868 1.921755
2.002496 0.837131
2.002496 0.837131
1.632539 2.46837
1.632539 2.46837
1.632539 2.46837
1.632539 2.46837
2.003036 0.831787
1.109766 3.425073
1.109766 3.425073
0.688894 3.82761
0.688894 3.82761
1.987319 0.974421
1.988448 0.964944
1.988448 0.964944
1.988448 0.964944
1.988448 0.964944
0.582547 3.893714
0.582547 3.893714
1.477665 2.827999
2.032597 0.437338
2.032597 0.437338
2.032597 0.437338
2.032597 0.437338
2.032597 0.437338
2.032597 0.437338
2.032597 0.437338
1.975932 1.064803
1.975932 1.064803
1.365841 3.041323
0.682266 3.832113
1.773713 2.044824
1.773713 2.044824
1.773713 2.044824
2.012337 0.732973
1.471116 2.841433
1.370274 3.033474
1.922956 1.403842
1.922956 1.403842
1.922956 1.403842
2.011057 0.747429
1.977072 1.056139
1.977072 1.056139
1.977072 1.056139
1.977072 1.056139
1.977072 1.056139
1.025179 3.526099
1.025179 3.526099
1.920261 1.418642
1.920261 1.418642
1.920261 1.418642
1.920261 1.418642

