0.878215 3.593738
0.878215 3.593738
0.968338 3.499898
0.968338 3.499898
1.949179 0.895996
0.729793 3.724193
0.729793 3.724193
1.962223 0.773777
1.962223 0.773777
1.799233 1.746724
1.607526 2.379798
1.863406 1.452884
1.911622 1.175925
1.911622 1.175925
1.910957 1.180241
1.858251 1.479057
1.439735 2.776446
1.770974 1.858656
1.770974 1.858656
1.431904 2.792599
1.429655 2.797202
1.809874 1.702181
1.809874 1.702181
1.811036 1.69723
1.8529 1.505673
1.062867 3.3884
1.879679 1.366466
1.881267 1.357694
1.923216 1.09771
1.923216 1.09771
1.726917 2.017681
1.818215 1.666245
1.477549 2.69581
1.478188 2.694409
1.979417 0.572393
1.175972 3.235484
1.181929 3.226791
1.181929 3.226791
1.174756 3.237251
1.935562 1.007171
1.301795 3.036662
1.301795 3.036662
1.888587 1.31642
1.888587 1.31642
1.749152 1.939554
1.749152 1.939554
1.935188 1.010043
1.719589 2.042561
1.719589 2.042561
1.716334 2.053481
1.716334 2.053481
1.707564 2.082522
1.755684 1.915802
1.755684 1.915802
1.755684 1.915802
1.755684 1.915802
1.891075 1.302051
1.891075 1.302051
1.891075 1.302051
1.891075 1.302051
1.48531 2.678697
1.48531 2.678697
1.695436 2.12179
1.695436 2.12179
1.695436 2.12179
1.933654 1.021726
1.932386 1.031283
1.932386 1.031283
1.932386 1.031283
1.932386 1.031283
1.150212 3.272315
0.616503 3.805219
0.616503 3.805219
1.629306 2.319795
1.521403 2.596407
1.245015 3.130456
1.629535 2.319151
1.081456 3.36479
1.67086 2.198387
1.517355 2.605865
1.677859 2.176962
1.668627 2.205162
1.082738 3.36314
1.082738 3.36314
1.988362 0.430898
1.988362 0.430898
1.988362 0.430898
1.988362 0.430898
1.988362 0.430898
1.084512 3.360853
1.676566 2.180942
1.67519 2.185167
1.67519 2.185167
1.508946 2.625324
1.506786 2.630282
1.504941 2.634504
1.504941 2.634504
1.561445 2.499512
1.561445 2.499512
1.561445 2.499512

1.99502 0.282093
1.99502 0.282093
0.329048 3.945492
0.329048 3.945492
0.329048 3.945492
1.967792 0.714966
1.981031 0.549605
1.977209 0.602138
1.976419 0.61243
1.976419 0.61243
1.976419 0.61243
1.976419 0.61243
1.87415 1.39651
1.87415 1.39651
1.939044 0.980016
1.939044 0.980016
1.845214 1.542967
1.890133 1.307513
0.543499 3.849472
0.543499 3.849472
0.543499 3.849472
0.543499 3.849472
0.543499 3.849472
0.773001 3.689157
1.893697 1.286717
1.893803 1.286097
1.775175 1.842555
1.775175 1.842555
1.488164 2.672354
1.745876 1.951323
1.745876 1.951323
1.745876 1.951323
1.780912 1.820279
1.780912 1.820279
1.780912 1.820279
1.925047 1.084791
1.925047 1.084791
1.279649 3.074083
1.277773 3.077205
1.275738 3.08058
1.271678 3.087286
1.271678 3.087286
1.733547 1.994807
1.410711 2.835415
0.699996 3.747002
0.699996 3.747002
0.699996 3.747002
0.678994 3.762429
0.678994 3.762429
0.678994 3.762429
0.678994 3.762429
1.324378 2.997347
1.907622 1.201632
1.907622 1.201632
1.033621 3.4244
1.033621 3.4244
1.727334 2.016251
1.727334 2.016251
1.466621 2.719575
1.466621 2.719575
1.126841 3.30468
1.917202 1.139013
1.378383 2.898317
1.378383 2.898317
1.134734 3.29386
1.426856 2.802915
1.427758 2.801075
1.427758 2.801075
0.81708 3.650961
0.81708 3.650961
1.336428 2.975876
1.915 1.153734
1.915 1.153734
1.915 1.153734
1.915 1.153734
1.215296 3.176825
1.215296 3.176825
1.827513 1.625047
1.827513 1.625047
1.677012 2.17957
1.677012 2.17957
1.37149 2.911368
1.339428 2.970477
1.523729 2.590945
1.523729 2.590945
1.80952 1.703687
1.441435 2.772916
1.456108 2.742078
1.680036 2.170234
1.680036 2.170234
1.453929 2.746701
1.452219 2.750315
1.810791 1.698277
1.810791 1.698277
1.810791 1.698277
1.810791 1.698277
1.528264 2.580239
1.555877 2.513361
1.544448 2.541401
1.823836 1.641491

1.969395 0.697092
1.969395 0.697092
1.958995 0.805823
1.270491 3.089241
1.273203 3.084772
1.244122 3.131876
1.95585 0.835821
1.229777 3.154456
1.19745 3.203818
1.865281 1.44323
1.165726 3.250281
1.154274 3.26659
1.151461 3.270558
1.151461 3.270558
1.151461 3.270558
1.864653 1.446471
1.32534 2.995646
1.327514 2.991793
1.34372 2.962713
1.762868 1.889229
1.700037 2.107012
1.761094 1.895836
1.949333 0.894649
1.710185 2.073901
1.710185 2.073901
0.922394 3.549191
0.922394 3.549191
0.922394 3.549191
0.922394 3.549191
1.857036 1.485151
1.627834 2.323925
1.36837 2.917233
1.36837 2.917233
1.37386 2.906893
0.992394 3.47284
1.978597 0.583623
1.686793 2.149167
0.94485 3.525484
0.950482 3.519422
0.950482 3.519422
1.79483 1.764751
1.589276 2.428335
1.612523 2.366237
1.612523 2.366237
1.54775 2.533353
1.54775 2.533353
1.54775 2.533353
1.54775 2.533353
1.54775 2.533353
1.520964 2.597436
1.520964 2.597436
1.640764 2.287263
1.393373 2.869504
1.393373 2.869504
1.593308 2.417744
1.593308 2.417744
1.927797 1.06508
1.59797 2.405404
1.59797 2.405404
1.593758 2.416555
1.533281 2.568307
1.464712 2.723687
1.818487 1.665061
1.896333 1.271099
1.896333 1.271099
1.896333 1.271099
1.798681 1.748994
1.798681 1.748994
1.798681 1.748994
1.818977 1.662915
1.747867 1.944183
1.897236 1.265693
1.897236 1.265693
1.897236 1.265693
1.80108 1.739091
1.800935 1.739693
1.800935 1.739693
1.644823 2.275573
1.644823 2.275573
1.846283 1.53784
1.846283 1.53784
1.846283 1.53784
1.846283 1.53784
1.728289 2.012974
1.845991 1.539245
1.924115 1.09139
1.924115 1.09139
1.745237 1.953609
1.943213 0.946408
1.943213 0.946408
1.943213 0.946408
1.922838 1.100351
1.834894 1.591432
1.739872 1.972658
1.739872 1.972658
1.415929 2.824992
1.733373 1.995411
1.733373 1.995411
1.733373 1.995411
1.733373 1.995411

0.46758 3.889149
0.46758 3.889149
0.539624 3.851652
1.458902 2.736133
1.458902 2.736133
1.788404 1.790653
1.187624 3.218415
1.187624 3.218415
1.184352 3.223235
1.938609 0.983452
1.178805 3.231357
1.986164 0.469689
1.986164 0.469689
1.477195 2.696586
1.477195 2.696586
1.477195 2.696586
1.985772 0.476273
1.985772 0.476273
1.921143 1.11213
1.921143 1.11213
1.590035 2.426345
1.492035 2.663706
1.920639 1.115612
1.157437 3.26211
1.157437 3.26211
1.978153 0.589611
1.978153 0.589611
1.978153 0.589611
1.677674 2.177529
1.973535 0.648566
1.973535 0.648566
1.984024 0.504578
1.984024 0.504578
1.680053 2.170182
1.683157 2.16054
1.970722 0.681927
1.601305 2.396516
1.601305 2.396516
1.340878 2.967858
1.662848 2.222554
1.969942 0.690878
1.560902 2.500868
1.560902 2.500868
1.560902 2.500868
1.8536 1.50222
1.8536 1.50222
1.954171 0.851393
1.954171 0.851393
1.044285 3.411433
1.044285 3.411433
1.044285 3.411433
1.900807 1.24408
1.312057 3.018945
1.899195 1.253888
1.611727 2.368404
1.611727 2.368404
1.911201 1.178663
1.911201 1.178663
1.911 1.179963
1.911 1.179963
1.911 1.179963
1.699064 2.110149
1.699064 2.110149
1.699064 2.110149
1.704917 2.091179
1.709654 2.075654
1.866422 1.437317
1.866422 1.437317
1.866422 1.437317
1.866422 1.437317
1.623338 2.336472
1.623338 2.336472
1.84618 1.538338
1.84618 1.538338
1.396174 2.864051
1.96501 0.744946
1.96501 0.744946
1.96501 0.744946
1.773021 1.850832
1.773021 1.850832
1.720099 2.040844
1.720099 2.040844
1.720099 2.040844
1.721031 2.037696
1.772651 1.852251
1.892152 1.295777
1.892152 1.295777
1.892152 1.295777
1.108742 3.329079
1.891418 1.300056
1.891418 1.300056
1.891418 1.300056
1.825567 1.633775
1.825567 1.633775
1.961823 0.777815
1.961823 0.777815
1.961823 0.777815
1.961823 0.777815
1.961823 0.777815
1.293005 3.051648

1.153332 3.267921
1.157018 3.262704
1.990935 0.380408
1.990935 0.380408
1.23061 3.153156
1.23061 3.153156
1.936126 1.00283
1.936126 1.00283
0.521058 3.861864
0.521058 3.861864
0.521058 3.861864
1.869689 1.42023
1.872386 1.405944
0.901141 3.570963
1.957657 0.818727
1.794159 1.767476
1.278657 3.075735
1.278657 3.075735
1.278657 3.075735
1.291948 3.053438
1.952589 0.865785
1.952589 0.865785
1.952589 0.865785
1.952589 0.865785
1.952589 0.865785
0.57825 3.829165
0.57825 3.829165
0.57825 3.829165
1.850611 1.516892
1.76865 1.867488
0.984892 3.481372
0.984892 3.481372
0.984892 3.481372
1.848133 1.528927
0.663179 3.773695
1.721191 2.037155
1.986064 0.471373
1.915674 1.149252
1.915674 1.149252
1.915674 1.149252
1.76369 1.886157
0.868323 3.60334
1.842601 1.555407
1.842601 1.555407
1.884877 1.33752
0.971476 3.496418
0.971476 3.496418
0.971476 3.496418
0.971476 3.496418
1.634257 2.305822
1.345523 2.959438
1.345523 2.959438
1.760665 1.89743
1.760665 1.89743
1.743116 1.96117
1.745783 1.951657
1.747721 1.944706
1.747721 1.944706
1.459587 2.734671
1.459587 2.734671
1.81082 1.698154
1.442367 2.770976
1.442367 2.770976
1.834726 1.592206
1.834726 1.592206
1.811558 1.695001
1.811558 1.695001
1.82727 1.626141
1.889146 1.313205
1.813037 1.688664
1.813037 1.688664
1.354146 2.943664
1.354146 2.943664
1.909598 1.18901
1.428424 2.799718
1.685559 2.153035
0.693844 3.751576
0.693844 3.751576
1.893788 1.286183
1.612915 2.365168
1.488639 2.671295
1.488639 2.671295
1.654108 2.248491
1.654108 2.248491
1.903433 1.227914
1.903433 1.227914
1.691325 2.134874
1.691325 2.134874
1.901492 1.239887
1.552677 2.521264
1.700731 2.104771
1.700731 2.104771
1.700731 2.104771
1.700731 2.104771
1.896797 1.268324
1.896797 1.268324
1.896797 1.268324
1.69992 2.107389
1.656826 2.240471
1.657282 2.239122

1.983611 0.511029
1.983611 0.511029
1.983611 0.511029
1.983611 0.511029
1.983472 0.513179
0.623976 3.800344
1.968926 0.702371
1.968926 0.702371
1.968926 0.702371
1.726267 2.019904
1.724747 2.025089
1.911772 1.174953
1.914794 1.1551
0.900841 3.571266
1.533096 2.568748
1.636881 2.298364
1.742025 1.965044
1.523801 2.590777
1.84704 1.534202
1.686043 2.151521
1.518357 2.603529
1.334479 2.979372
1.682935 2.16123
1.938478 0.984483
1.431735 2.792944
1.34801 2.954908
1.348555 2.953912
1.443509 2.768596
1.358163 2.936251
1.358163 2.936251
1.672142 2.194486
1.672142 2.194486
1.672142 2.194486
1.672142 2.194486
1.672142 2.194486
1.399551 2.857452
1.399551 2.857452
1.399551 2.857452
1.388528 2.878881
1.789579 1.785954
1.174648 3.237407
1.174648 3.237407
1.454292 2.745931
1.832959 1.600325
1.832959 1.600325
1.832959 1.600325
1.757567 1.908883
0.970143 3.497898
1.93255 1.030047
1.926753 1.072606
1.152275 3.269412
1.615056 2.359316
0.700503 3.746622
1.929261 1.054422
1.929261 1.054422
1.929877 1.049902
1.929877 1.049902
1.929877 1.049902
1.490897 2.666253
1.762839 1.889336
1.041255 3.415136
1.041255 3.415136
1.235219 3.14594
1.472878 2.706017
1.234507 3.147058
1.574016 2.467772
1.474055 2.70345
1.474055 2.70345
1.484151 2.681266
1.484151 2.681266
1.484151 2.681266
1.212396 3.181255
1.208398 3.187334
1.208398 3.187334
1.210238 3.18454
1.210238 3.18454
1.576025 2.462637
0.71897 3.732603
0.71897 3.732603
0.71897 3.732603
0.71897 3.732603
0.71897 3.732603
0.71897 3.732603
0.71897 3.732603
1.607618 2.37955
1.607618 2.37955
1.607618 2.37955
1.062398 3.388989
1.803 1.731115
1.821064 1.653756
1.951189 0.878321
1.066597 3.383708
1.066597 3.383708
1.888228 1.318477
1.888228 1.318477
1.862941 1.455266
0.807602 3.659388
1.25571 3.113321
1.952326 0.868152
1.952326 0.868152

1.995393 0.271353
0.882357 3.589677
0.882357 3.589677
0.959219 3.509929
1.732179 1.999557
1.73095 2.003809
1.73095 2.003809
1.738221 1.978472
1.742001 1.965128
0.747159 3.710393
0.712447 3.737603
0.712447 3.737603
0.712447 3.737603
0.712447 3.737603
0.712447 3.737603
0.712447 3.737603
1.68045 2.168951
1.989222 0.414713
1.989222 0.414713
1.989222 0.414713
1.989222 0.414713
1.781462 1.818123
1.87799 1.375722
1.551031 2.525315
1.982295 0.531055
1.563856 2.493474
1.567097 2.485323
1.895847 1.27399
1.895847 1.27399
1.895847 1.27399
1.895847 1.27399
1.796241 1.758999
1.653659 2.249811
1.605237 2.385971
1.604279 2.388547
1.65313 2.251366
1.65313 2.251366
1.65313 2.251366
1.602575 2.393119
1.602575 2.393119
1.602575 2.393119
1.96855 0.706574
1.968506 0.707064
1.977124 0.603255
1.528041 2.580769
1.642161 2.283249
1.642161 2.283249
1.799092 1.747306
1.903755 1.225917
1.903755 1.225917
1.175644 3.235961
1.403722 2.849256
1.414419 2.828017
1.414419 2.828017
1.929154 1.055204
1.975648 0.622299
1.975648 0.622299
1.975648 0.622299
1.975648 0.622299
1.975648 0.622299
1.273378 3.084482
1.219103 3.170986
1.805 1.722761
1.805 1.722761
1.220085 3.169474
1.220085 3.169474
1.80674 1.715446
1.438924 2.778126
1.278032 3.076773
1.157082 3.262613
1.281941 3.070262
1.443664 2.768274
1.443664 2.768274
1.378353 2.898375
1.450843 2.753219
1.450843 2.753219
1.251611 3.119917
1.251611 3.119917
1.963913 0.756426
1.231295 3.152086
1.231295 3.152086
1.375382 2.904015
1.375382 2.904015
1.375382 2.904015
1.468858 2.714742
1.932056 1.033746
1.932056 1.033746
1.954135 0.851723
1.954135 0.851723
1.950006 0.888769
1.360164 2.932543
1.11561 3.319888
1.119791 3.314252
1.348087 2.954767
1.146929 3.276922
1.146929 3.276922
1.146929 3.276922
1.146929 3.276922
1.948093 0.905394
1.948093 0.905394

0.851389 3.619467
1.896913 1.267627
1.358576 2.935487
1.273781 3.083817
0.784027 3.679838
1.253398 3.117046
1.928997 1.056353
1.250535 3.121641
1.247846 3.125943
0.925704 3.545742
1.934026 1.018911
1.935527 1.007443
1.935527 1.007443
1.935527 1.007443
1.935527 1.007443
1.935527 1.007443
1.840222 1.566632
1.401094 2.854425
1.530278 2.57546
1.881664 1.355496
1.592629 2.419532
1.628013 2.323423
1.032644 3.425578
0.715785 3.735051
1.17163 3.241779
1.17163 3.241779
1.513587 2.614616
1.413267 2.830318
1.847286 1.533017
1.416384 2.82408
1.416384 2.82408
1.988976 0.419402
1.575628 2.463653
1.635899 2.301161
1.635899 2.301161
1.569578 2.479053
1.566274 2.487398
1.566274 2.487398
1.566274 2.487398
1.566274 2.487398
0.98123 3.485506
0.98123 3.485506
0.98123 3.485506
0.98123 3.485506
0.98123 3.485506
0.98123 3.485506
1.43621 2.783738
1.820085 1.658058
1.976713 0.608628
1.976713 0.608628
1.771967 1.854866
1.147463 3.276174
1.147463 3.276174
1.703083 2.097149
1.096393 3.345398
1.096393 3.345398
1.963404 0.761693
1.963404 0.761693
1.768536 1.867918
1.768536 1.867918
1.65312 2.251396
1.65312 2.251396
1.099985 3.340678
1.099985 3.340678
1.106145 3.332532
1.76705 1.873537
1.126157 3.305613
1.126157 3.305613
1.764547 1.882948
1.814076 1.684194
1.757488 1.909174
1.749978 1.93657
1.749978 1.93657
1.749978 1.93657
1.965 0.745052
1.813023 1.688725
1.85916 1.474482
1.85916 1.474482
1.797323 1.754572
1.797323 1.754572
1.662002 2.225085
1.662002 2.225085
1.663756 2.219835
1.798463 1.749892
1.740624 1.970002
1.740624 1.970002
1.6717 2.195832
1.996877 0.223465
1.996877 0.223465
1.996877 0.223465
1.996877 0.223465
1.996877 0.223465
1.996877 0.223465
1.996877 0.223465
1.996877 0.223465
0.659302 3.776412
0.659302 3.776412
0.659302 3.776412
0.659302 3.776412
0.659302 3.776412

1.92749 1.0673
1.920072 1.119506
1.924183 1.090904
1.924183 1.090904
1.743032 1.96147
1.905289 1.216346
1.749487 1.938343
1.978931 0.579075
1.978931 0.579075
1.897116 1.266412
1.897116 1.266412
1.94941 0.893981
1.94941 0.893981
1.94941 0.893981
0.783499 3.680287
0.783499 3.680287
0.783499 3.680287
0.783499 3.680287
1.757947 1.907482
1.76351 1.886831
1.30994 3.022619
1.30994 3.022619
1.274847 3.082055
0.940643 3.529981
0.940643 3.529981
1.765707 1.878595
1.7685 1.868055
1.689331 2.141177
1.317592 3.009286
1.600259 2.39931
0.899198 3.572922
0.899198 3.572922
1.51527 2.610715
1.51527 2.610715
1.247637 3.126276
1.247637 3.126276
1.24737 3.126703
1.24737 3.126703
1.075988 3.371795
1.075988 3.371795
1.880321 1.36293
1.880321 1.36293
1.335926 2.976777
1.858861 1.475991
1.059773 3.392274
1.059773 3.392274
1.68302 2.160966
1.68302 2.160966
1.785962 1.800377
0.867664 3.603975
1.501133 2.64318
1.681029 2.167155
1.681029 2.167155
0.872279 3.599517
0.872279 3.599517
0.872279 3.599517
0.872279 3.599517
1.222078 3.166401
1.498185 2.649862
1.488097 2.672502
1.654082 2.248567
1.654082 2.248567
1.654082 2.248567
1.654082 2.248567
1.654082 2.248567
1.809488 1.703824
1.210834 3.183634
1.495486 2.655953
1.495486 2.655953
1.350533 2.950295
1.664393 2.217923
1.829603 1.615616
1.829603 1.615616
1.417269 2.822303
1.876854 1.381909
1.876854 1.381909
1.358921 2.934848
1.86215 1.459311
1.86215 1.459311
1.86215 1.459311
1.86215 1.459311
1.828239 1.621782
1.828239 1.621782
1.828239 1.621782
1.828239 1.621782
1.828239 1.621782
1.874312 1.395642
1.548745 2.530919
1.548745 2.530919
1.548745 2.530919
1.548745 2.530919
1.10492 3.334158
1.869397 1.421764
1.869397 1.421764
1.36424 2.92496
1.364694 2.924113
1.364694 2.924113
0.993769 3.471266
0.993769 3.471266
1.805663 1.719976

0.527421 3.858408
0.527421 3.858408
0.669659 3.769115
0.669659 3.769115
0.714738 3.735853
0.727334 3.726116
0.723069 3.729435
1.157246 3.262381
1.113345 3.322928
1.203092 3.195352
1.949916 0.889558
1.949916 0.889558
1.721495 2.036127
1.953115 0.861031
1.063376 3.387761
1.063376 3.387761
1.216146 3.175525
1.052495 3.401325
1.052099 3.401816
1.052099 3.401816
1.229136 3.155455
1.83173 1.605947
1.81749 1.669406
1.81139 1.695721
0.832867 3.636665
1.926614 1.073608
1.926614 1.073608
1.926374 1.075326
1.734772 1.990544
1.734772 1.990544
1.804085 1.726589
1.799357 1.746214
1.799357 1.746214
1.799357 1.746214
1.97835 0.586957
1.97835 0.586957
1.97835 0.586957
1.97835 0.586957
1.331018 2.98556
1.963036 0.765477
1.463809 2.725629
1.962329 0.772699
1.962329 0.772699
1.962329 0.772699
1.962329 0.772699
1.27624 3.079747
1.27624 3.079747
1.495114 2.656791
1.745329 1.953281
1.292236 3.052949
1.288609 3.059077
1.289044 3.058343
1.289044 3.058343
1.689256 2.141416
1.973809 0.645223
1.973809 0.645223
1.973809 0.645223
1.973809 0.645223
1.688056 2.145196
1.849154 1.52398
1.849154 1.52398
1.849154 1.52398
1.849154 1.52398
1.455143 2.744127
1.455143 2.744127
0.946291 3.523937
0.946291 3.523937
1.901685 1.238699
1.594934 2.41345
1.594934 2.41345
1.777187 1.834781
1.600911 2.39757
1.600911 2.39757
1.857762 1.481515
1.857762 1.481515
1.857762 1.481515
1.682397 2.162904
1.622215 2.339587
1.508308 2.626791
1.508308 2.626791
1.355613 2.940961
1.355613 2.940961
1.355743 2.940722
1.584895 2.439762
1.584895 2.439762
1.64763 2.267434
1.64763 2.267434
1.890809 1.303595
1.890809 1.303595
1.890809 1.303595
1.5759 2.462957
1.62566 2.330005
1.511486 2.619474
1.511486 2.619474
1.627791 2.324045
1.627791 2.324045
1.88136 1.357179
1.438485 2.779037
1.676276 2.181833
1.438049 2.77994

0.520425 3.862205
0.520425 3.862205
1.120901 3.312751
1.120901 3.312751
1.989368 0.411899
0.640364 3.789424
1.989164 0.415818
1.197081 3.20437
1.991593 0.366369
1.893944 1.285264
0.668514 3.769928
1.212211 3.181537
1.235186 3.145992
1.898187 1.259978
0.7084 3.740679
1.270875 3.08861
1.947596 0.909655
0.733127 3.721572
1.282511 3.06931
1.980437 0.558095
1.980437 0.558095
1.87131 1.411666
1.949054 0.897078
1.304402 3.032184
1.907853 1.200164
1.318538 3.007629
1.321098 3.003132
1.607561 2.379704
1.793186 1.771423
1.937769 0.990055
1.592004 2.421175
1.974778 0.633254
1.974778 0.633254
1.974778 0.633254
1.974778 0.633254
1.974778 0.633254
1.522592 2.593617
1.522592 2.593617
1.352903 2.945949
1.619525 2.347032
1.619547 2.346969
1.540466 2.55105
1.500737 2.644079
1.500737 2.644079
1.576504 2.461411
1.576188 2.46222
1.012069 3.450053
1.367204 2.91942
1.367873 2.918166
0.934052 3.536975
0.878764 3.593201
1.834871 1.59154
1.710996 2.071224
1.698965 2.110468
1.698965 2.110468
1.711165 2.070666
1.563314 2.494835
1.563314 2.494835
1.552661 2.521305
1.554975 2.515594
1.554975 2.515594
1.693418 2.128224
1.693418 2.128224
1.632682 2.310281
1.632682 2.310281
1.441313 2.773168
1.441313 2.773168
1.932304 1.031893
1.932304 1.031893
1.837021 1.581584
1.837021 1.581584
1.837021 1.581584
1.837021 1.581584
1.382349 2.890752
1.382349 2.890752
1.447838 2.75954
1.447838 2.75954
1.684845 2.155269
1.387016 2.881797
0.997841 3.466591
0.997841 3.466591
0.997841 3.466591
1.735258 1.98885
1.735258 1.98885
0.994428 3.470512
1.846155 1.538458
1.734129 1.992782
1.734129 1.992782
1.761226 1.895345
1.761226 1.895345
1.400172 2.856234
1.418385 2.82006
1.854496 1.497789
1.854496 1.497789
1.854496 1.497789
1.854496 1.497789
1.459525 2.734804
1.781178 1.819234
1.781178 1.819234
1.726227 2.02004

1.220949 3.168144
1.220949 3.168144
1.220949 3.168144
1.326037 2.994411
0.900811 3.571297
1.202575 3.196131
0.776827 3.685941
1.178515 3.231781
1.49544 2.656057
1.49544 2.656057
1.498072 2.650117
1.468501 2.715515
1.833446 1.598095
1.108685 3.329155
1.108685 3.329155
0.598865 3.81647
0.598865 3.81647
1.356525 2.939279
1.356525 2.939279
1.824777 1.637301
1.824462 1.638706
1.098864 3.342153
0.722309 3.730024
1.534169 2.566185
1.630025 2.317775
1.436199 2.783761
1.878292 1.374073
1.878292 1.374073
1.878186 1.374655
1.432786 2.790788
1.648217 2.265728
1.648217 2.265728
0.501035 3.872448
0.501035 3.872448
0.501035 3.872448
0.501035 3.872448
0.501035 3.872448
1.87729 1.379537
1.652147 2.254251
1.069689 3.379802
1.068808 3.380916
1.068808 3.380916
1.65559 2.244123
1.915666 1.149305
0.549808 3.845887
0.549798 3.845892
0.549798 3.845892
1.382904 2.889689
1.665792 2.213717
1.66472 2.216942
1.948247 0.904063
1.948247 0.904063
1.662217 2.224441
0.697132 3.749137
0.697132 3.749137
0.697132 3.749137
0.697132 3.749137
0.697132 3.749137
0.697132 3.749137
1.951744 0.873376
1.951744 0.873376
1.981381 0.544538
1.565764 2.488681
1.917083 1.139811
1.969676 0.69391
1.969676 0.69391
1.936509 0.999869
1.936509 0.999869
1.936509 0.999869
1.96697 0.723956
1.933072 1.026123
1.789652 1.785659
1.789652 1.785659
1.971735 0.670109
1.971735 0.670109
1.971735 0.670109
1.705697 2.088633
1.918732 1.128659
1.739757 1.973064
1.739757 1.973064
1.739757 1.973064
1.739757 1.973064
1.739757 1.973064
1.739757 1.973064
1.739757 1.973064
1.599802 2.400528
1.944171 0.938506
1.944171 0.938506
1.944171 0.938506
1.772077 1.854446
1.772077 1.854446
1.771832 1.855381
1.771832 1.855381
1.771832 1.855381
1.771832 1.855381
1.556577 2.511626
1.556577 2.511626
1.556577 2.511626
1.556577 2.511626
1.556577 2.511626

0.988016 3.477829
0.988016 3.477829
1.749314 1.938969
0.866039 3.605538
0.866039 3.605538
1.029632 3.429202
1.762706 1.889833
1.762706 1.889833
1.765311 1.88008
0.809003 3.658149
0.676744 3.764049
0.676744 3.764049
0.676744 3.764049
1.08517 3.360004
1.984679 0.49416
1.806781 1.715274
1.805611 1.720195
1.665986 2.213136
1.802991 1.731155
1.794276 1.767
1.796068 1.759703
1.892508 1.2937
0.726481 3.726781
0.726481 3.726781
0.726481 3.726781
0.726481 3.726781
1.983453 0.513468
1.202416 3.19637
1.33322 2.981628
1.839375 1.570604
1.84048 1.565417
1.225328 3.161374
1.981202 0.547138
1.981202 0.547138
1.981202 0.547138
1.344972 2.960439
1.147041 3.276765
1.147041 3.276765
1.147041 3.276765
1.147041 3.276765
1.147041 3.276765
1.147041 3.276765
1.650812 2.258158
1.976395 0.612742
1.976395 0.612742
1.509678 2.62364
1.882399 1.351404
1.645135 2.274669
1.645135 2.274669
1.84793 1.529909
1.84793 1.529909
1.847969 1.529718
1.643596 2.279115
1.476683 2.697709
1.476683 2.697709
1.473859 2.703879
1.473859 2.703879
1.451278 2.752302
1.549376 2.529374
1.453544 2.747515
1.878711 1.371782
1.878711 1.371782
1.952486 0.866717
1.291093 3.054883
1.592441 2.420027
1.592405 2.42012
1.460457 2.732811
1.460457 2.732811
1.425922 2.804814
1.424628 2.807443
1.877712 1.377239
1.566975 2.485629
1.566975 2.485629
1.857523 1.482712
1.420225 2.816353
1.571624 2.473862
1.419481 2.817852
1.930567 1.044818
1.523092 2.592443
1.543851 2.542853
1.543825 2.542916
1.577511 2.458829
1.577511 2.458829
1.577511 2.458829
1.961489 0.781177
1.402528 2.851608
1.538887 2.554859
1.250788 3.121237
1.250788 3.121237
1.412517 2.831816
1.410332 2.836169
1.525876 2.585888
1.525876 2.585888
1.525876 2.585888
1.525876 2.585888
1.960829 0.787784
1.960802 0.788048
1.873324 1.40094
1.873324 1.40094
1.972582 0.660058

1.96455 0.749778
1.828113 1.622348
1.827435 1.625401
1.861388 1.463193
1.861388 1.463193
1.861431 1.462974
0.585006 3.825059
0.585006 3.825059
1.908665 1.194989
1.908665 1.194989
1.908665 1.194989
1.908665 1.194989
1.879269 1.368721
1.880176 1.363725
1.891815 1.297743
1.891815 1.297743
1.723939 2.02784
1.70334 2.096315
1.732068 1.999939
1.534222 2.566057
0.648499 3.783886
0.648499 3.783886
0.926308 3.545111
0.926308 3.545111
0.926308 3.545111
1.735127 1.989305
1.738815 1.976383
1.740672 1.969835
1.132304 3.297204
1.132304 3.297204
0.674374 3.765751
1.127939 3.303183
1.795707 1.761176
1.795707 1.761176
0.819404 3.648878
0.959518 3.509601
1.63022 2.317224
1.75934 1.902337
1.460513 2.732691
1.357429 2.937609
1.660793 2.228692
1.660793 2.228692
1.628003 2.323452
1.462135 2.72922
1.359902 2.93303
1.241688 3.135737
1.361378 2.93029
1.238649 3.14054
1.682426 2.162816
1.62367 2.335547
1.62367 2.335547
1.62367 2.335547
1.495939 2.654933
1.680976 2.167322
1.680662 2.168295
1.680662 2.168295
1.231333 3.152027
1.671231 2.19726
1.671231 2.19726
1.034609 3.423206
1.673172 2.191342
1.038274 3.418764
1.009609 3.452935
0.992522 3.472694
0.992522 3.472694
0.992522 3.472694
1.093012 3.34982
1.432751 2.790859
0.997463 3.467026
0.997463 3.467026
1.256665 3.111779
1.256665 3.111779
1.475517 2.700258
1.605157 2.386187
1.605157 2.386187
1.372656 2.909168
1.555304 2.51478
1.555304 2.51478
1.085689 3.359333
1.085689 3.359333
1.085689 3.359333
1.587606 2.432699
1.480507 2.689312
0.748353 3.70943
1.596022 2.410571
1.596022 2.410571
1.596022 2.410571
1.596022 2.410571
0.736148 3.719186
1.485641 2.677963
0.796509 3.6691
0.796509 3.6691
0.796509 3.6691
0.796509 3.6691
0.796509 3.6691
0.796509 3.6691
0.736778 3.718687
0.736778 3.718687
0.736778 3.718687
0.736778 3.718687

0.444014 3.90018
1.970169 0.688285
1.966807 0.725732
1.966807 0.725732
1.966807 0.725732
1.960497 0.79108
1.307869 3.026204
0.339685 3.941885
0.339685 3.941885
0.339685 3.941885
0.689608 3.754699
0.694924 3.750776
0.694924 3.750776
1.031144 3.427384
1.950029 0.888564
1.024133 3.435784
1.001894 3.461912
1.001721 3.462112
1.001721 3.462112
0.924904 3.546578
0.924904 3.546578
0.924904 3.546578
0.924904 3.546578
1.554253 2.517377
1.554253 2.517377
1.826842 1.628065
1.826842 1.628065
1.826842 1.628065
1.214295 3.178356
1.214295 3.178356
0.192522 3.981425
0.192522 3.981425
0.192522 3.981425
0.192522 3.981425
0.192522 3.981425
0.192522 3.981425
0.192522 3.981425
1.506539 2.630847
1.889177 1.313028
1.519727 2.60033
1.526499 2.584416
1.526499 2.584416
1.526499 2.584416
1.924127 1.091302
1.492044 2.663685
1.105133 3.333875
1.105133 3.333875
1.672831 2.192383
1.397772 2.860932
1.650414 2.259321
1.782177 1.815318
0.852001 3.618892
0.852001 3.618892
1.815154 1.679543
1.67504 2.185627
1.67504 2.185627
1.420257 2.816289
1.420257 2.816289
1.420257 2.816289
1.34993 2.951398
1.643529 2.279308
1.681091 2.166962
1.681091 2.166962
1.694803 2.123812
1.706559 2.085815
1.706559 2.085815
1.707486 2.082779
1.707486 2.082779
1.637167 2.297551
1.63626 2.300134
1.63626 2.300134
1.838501 1.574694
1.895955 1.273347
1.895955 1.273347
1.895955 1.273347
1.882074 1.353215
1.615304 2.358638
1.482204 2.68557
1.381946 2.891522
1.917122 1.13955
1.917122 1.13955
1.624316 2.333751
1.624316 2.333751
1.575692 2.463488
1.722246 2.033587
1.477274 2.696414
1.877791 1.376807
1.872254 1.406647
1.872254 1.406647
1.872254 1.406647
1.942513 0.952141
1.873291 1.401113
1.874276 1.395836
1.874276 1.395836
1.929394 1.053452
1.929394 1.053452
1.929394 1.053452
1.189549 3.21557
1.189549 3.21557
1.189549 3.21557

1.935802 1.005324
1.972726 0.658333
1.972726 0.658333
1.581515 2.448517
0.930437 3.540783
0.930437 3.540783
0.935975 3.534941
1.872141 1.407252
1.595647 2.411565
1.565803 2.488583
1.773085 1.85059
1.864942 1.444977
1.864942 1.444977
0.862162 3.609253
1.778459 1.829844
1.778459 1.829844
1.760444 1.898249
1.761393 1.894723
1.761393 1.894723
1.799502 1.745616
1.944941 0.932105
1.944941 0.932105
1.944941 0.932105
1.479337 2.691886
1.884203 1.341311
1.169054 3.245497
1.853326 1.503572
1.964801 0.747151
0.837177 3.632704
1.54529 2.539354
1.54529 2.539354
1.428753 2.799047
1.428753 2.799047
1.954948 0.844221
1.954948 0.844221
1.129154 3.301521
0.495722 3.875182
0.495722 3.875182
0.495722 3.875182
0.495722 3.875182
0.495722 3.875182
0.495722 3.875182
0.495722 3.875182
1.415773 2.825305
1.415773 2.825305
1.415773 2.825305
1.415773 2.825305
1.723397 2.029682
1.723397 2.029682
1.960646 0.789596
1.960646 0.789596
1.960646 0.789596
1.960646 0.789596
1.960646 0.789596
1.62655 2.327519
1.07101 3.378128
0.715423 3.735328
0.715423 3.735328
1.374724 2.90526
1.307305 3.02718
1.307305 3.02718
1.198312 3.202529
1.198312 3.202529
1.09401 3.348517
1.373869 2.906878
1.373869 2.906878
1.89196 1.296897
1.112416 3.324173
0.72002 3.731794
0.72002 3.731794
0.72002 3.731794
1.109427 3.328166
1.109427 3.328166
1.109427 3.328166
1.109427 3.328166
1.518654 2.602837
1.518654 2.602837
1.839476 1.570133
1.839476 1.570133
1.506398 2.63117
1.506398 2.63117
1.506398 2.63117
1.506398 2.63117
1.512638 2.616812
1.512638 2.616812
1.838429 1.575029
1.820151 1.657772
1.820151 1.657772
1.820151 1.657772
1.820151 1.657772
1.820151 1.657772
1.672499 2.193395
1.672499 2.193395
1.672499 2.193395
1.823076 1.644864
1.209055 3.186337
1.209055 3.186337
0.624812 3.799794
0.624812 3.799794
1.359619 2.933555

1.21142 3.182742
0.815935 3.651986
0.815935 3.651986
0.815935 3.651986
0.815935 3.651986
1.26672 3.09543
1.387273 2.881301
1.9188 1.128196
1.380423 2.894431
1.943461 0.944373
1.836633 1.58339
1.429955 2.796589
1.662232 2.224396
1.160632 3.257566
0.911603 3.560326
0.911603 3.560326
0.911603 3.560326
1.843593 1.550695
1.843593 1.550695
1.84791 1.530007
1.84791 1.530007
1.850874 1.515607
1.850874 1.515607
1.148487 3.274739
1.8799 1.365248
1.8799 1.365248
1.8799 1.365248
1.8799 1.365248
1.8799 1.365248
1.946813 0.916338
1.533751 2.567184
1.695543 2.121446
1.591144 2.423435
1.358195 2.936193
1.895019 1.278911
1.970088 0.68921
1.970088 0.68921
1.970088 0.68921
1.970088 0.68921
1.739359 1.974467
1.652434 2.253409
1.948 0.906192
1.911956 1.173756
1.743605 1.95943
1.948318 0.903454
1.948357 0.903117
1.067718 3.382293
1.065343 3.385289
1.746035 1.950755
1.746035 1.950755
1.951937 0.871644
1.951937 0.871644
1.960354 0.792491
1.508025 2.627439
1.508025 2.627439
1.648378 2.265258
1.96128 0.783277
1.96128 0.783277
1.96128 0.783277
1.96128 0.783277
1.95733 0.821848
1.95733 0.821848
1.730082 2.006803
1.450492 2.753959
1.450492 2.753959
1.61162 2.368696
1.61162 2.368696
1.61162 2.368696
1.504629 2.635216
1.728381 2.012658
1.898139 1.26027
1.898139 1.26027
1.898139 1.26027
1.898139 1.26027
1.546303 2.536885
1.909254 1.191217
1.909254 1.191217
1.909254 1.191217
1.502393 2.640315
1.502393 2.640315
1.044775 3.410833
1.044775 3.410833
1.786241 1.799269
1.494566 2.658025
1.455468 2.743438
1.905772 1.213312
1.905772 1.213312
1.577887 2.457863
1.577887 2.457863
1.485233 2.678868
1.306541 3.028499
1.306541 3.028499
1.306541 3.028499
1.306541 3.028499
1.575634 2.463638
1.575634 2.463638
1.976631 0.609692
1.976631 0.609692
1.976631 0.609692
1.976631 0.609692

0.414872 3.912994
0.414872 3.912994
0.414872 3.912994
0.414872 3.912994
1.990744 0.384387
1.990744 0.384387
1.782857 1.812644
1.789089 1.787915
1.978707 0.582135
1.978707 0.582135
1.978707 0.582135
1.978707 0.582135
0.861852 3.609549
1.818654 1.664329
1.337644 2.973691
1.822602 1.646962
0.990982 3.474452
0.99101 3.47442
1.431749 2.792916
1.459593 2.734657
1.148391 3.274873
1.911074 1.179486
1.876904 1.381641
1.619272 2.347729
0.886895 3.585201
0.886895 3.585201
0.886895 3.585201
0.886895 3.585201
1.035935 3.421602
1.867278 1.432864
1.867278 1.432864
1.867278 1.432864
1.867278 1.432864
1.930133 1.048018
1.859638 1.472068
1.852016 1.510013
1.848141 1.528889
1.82859 1.620196
1.580593 2.450899
1.580593 2.450899
1.580593 2.450899
1.580593 2.450899
1.577313 2.459336
1.91832 1.131455
1.05761 3.394973
1.05761 3.394973
1.064011 3.386963
1.064011 3.386963
1.064011 3.386963
1.064011 3.386963
1.305052 3.031065
0.944681 3.525665
0.944681 3.525665
0.944681 3.525665
0.944681 3.525665
1.563453 2.494485
1.832212 1.603745
1.626349 2.328081
1.626349 2.328081
1.626349 2.328081
1.921697 1.108296
1.921697 1.108296
1.921697 1.108296
1.921697 1.108296
1.921697 1.108296
1.833092 1.599718
1.160435 3.257847
1.160435 3.257847
1.160435 3.257847
1.952319 0.868221
1.840012 1.567617
1.840012 1.567617
1.840012 1.567617
1.509563 2.623906
1.509563 2.623906
1.651262 2.256843
1.245543 3.129614
1.662494 2.223614
1.675481 2.184275
1.675481 2.184275
1.936436 1.000433
1.659997 2.231064
1.659997 2.231064
1.684963 2.154901
1.684963 2.154901
1.635449 2.302439
1.644516 2.27646
1.640428 2.288227
1.689418 2.140904
1.415142 2.826568
1.177826 3.232786
1.941826 0.957731
1.941826 0.957731
1.495536 2.65584
1.185437 3.221639
1.365664 2.922303
1.493597 2.660202
1.48052 2.689282
1.538337 2.556185
1.538337 2.556185

1.766147 1.876939
1.767457 1.872001
1.968872 0.702976
0.582002 3.826891
0.582002 3.826891
0.582002 3.826891
0.582002 3.826891
0.585973 3.824466
0.5862 3.824327
1.789441 1.786504
1.332533 2.982855
1.430777 2.794908
1.288563 3.059153
1.288563 3.059153
1.587534 2.432888
0.926771 3.544628
1.575994 2.462715
1.578218 2.457013
0.781922 3.681629
0.781922 3.681629
0.781922 3.681629
0.781922 3.681629
0.784917 3.679079
1.192852 3.210673
1.192852 3.210673
1.551231 2.524822
1.86335 1.45317
1.195121 3.207296
1.560554 2.501737
0.811326 3.656091
1.559482 2.50441
1.559482 2.50441
1.87186 1.408743
1.854184 1.499337
1.146002 3.278219
1.853295 1.503728
1.851947 1.510354
1.851947 1.510354
1.851947 1.510354
1.111631 3.325223
1.06588 3.384612
1.808097 1.70972
1.001154 3.462768
1.001154 3.462768
1.001154 3.462768
1.895263 1.277462
1.888356 1.317743
1.659771 2.231736
1.924154 1.091114
1.924154 1.091114
1.358968 2.934762
1.617463 2.352713
1.617463 2.352713
1.126305 3.305412
1.126305 3.305412
1.126305 3.305412
1.126305 3.305412
1.126305 3.305412
1.909674 1.188517
1.909569 1.189195
1.909569 1.189195
1.618859 2.348867
1.618859 2.348867
1.361066 2.93087
1.87989 1.365303
1.879833 1.365619
1.879833 1.365619
1.879833 1.365619
1.879833 1.365619
1.896809 1.268255
1.896809 1.268255
1.896809 1.268255
1.833546 1.597635
1.833546 1.597635
1.833546 1.597635
1.519072 2.601861
1.651132 2.257223
1.651132 2.257223
1.926813 1.072176
1.401788 2.853062
1.401788 2.853062
1.401788 2.853062
1.401788 2.853062
1.221553 3.167213
1.51611 2.608762
1.51611 2.608762
1.905699 1.21377
1.905699 1.21377
1.905699 1.21377
1.721778 2.03517
1.474193 2.703151
1.474193 2.703151
1.474193 2.703151
1.474193 2.703151
1.474193 2.703151
0.872265 3.59953
1.813161 1.688133
1.813161 1.688133
1.813161 1.688133
1.928257 1.061747

1.987626 0.444269
1.987626 0.444269
1.987626 0.444269
1.987626 0.444269
0.535227 3.854105
1.727909 2.01428
1.532886 2.56925
1.770326 1.861125
1.864847 1.445471
1.864847 1.445471
1.710287 2.073567
1.838516 1.574622
1.183391 3.224646
1.559824 2.503557
1.867005 1.434285
1.198291 3.20256
1.198291 3.20256
1.904404 1.221877
1.402499 2.851663
1.668268 2.206249
1.668282 2.206205
1.160388 3.257913
1.160028 3.258426
1.50679 2.630274
1.50679 2.630274
0.597515 3.817316
0.597515 3.817316
1.633036 2.309281
1.693804 2.126997
1.693804 2.126997
1.693804 2.126997
1.691009 2.135873
1.691009 2.135873
0.691003 3.753673
1.783307 1.810876
0.976928 3.490336
0.976928 3.490336
0.961927 3.506962
0.963726 3.504987
1.493559 2.660287
1.928514 1.059878
1.928514 1.059878
0.906699 3.565332
0.900972 3.571134
0.900972 3.571134
0.900972 3.571134
1.787873 1.792773
1.366936 2.919921
1.363933 2.925533
1.363933 2.925533
1.824385 1.639049
1.824385 1.639049
1.622219 2.339577
1.622219 2.339577
1.022247 3.43803
1.589947 2.426577
1.025616 3.434013
1.619214 2.34789
1.590356 2.425503
0.656334 3.778479
0.656334 3.778479
0.656334 3.778479
0.656334 3.778479
0.656334 3.778479
0.656334 3.778479
1.431516 2.793394
1.431516 2.793394
1.964355 0.751819
1.964355 0.751819
1.964355 0.751819
1.964355 0.751819
1.964355 0.751819
1.964355 0.751819
1.964355 0.751819
1.964355 0.751819
1.336735 2.975325
1.352165 2.947304
1.352165 2.947304
1.593573 2.417043
1.593573 2.417043
1.349303 2.952546
1.320289 3.004555
1.93285 1.027794
1.93285 1.027794
1.93285 1.027794
1.93285 1.027794
1.93285 1.027794
1.608209 2.377951
1.941717 0.958611
1.941717 0.958611
1.603608 2.390348
1.603608 2.390348
1.038126 3.418944
1.795972 1.760097
1.795972 1.760097
1.795972 1.760097
0.78921 3.675404
0.78921 3.675404
0.78921 3.675404
0.78921 3.675404

1.991609 0.36602
1.991609 0.36602
0.787458 3.676906
0.756745 3.702614
0.732523 3.722048
0.732523 3.722048
1.648592 2.264636
1.833158 1.599415
1.862276 1.458669
1.86342 1.452811
0.656687 3.778233
1.876732 1.382572
1.880004 1.364677
1.822791 1.646126
1.894759 1.280451
1.618821 2.348972
1.618821 2.348972
1.89607 1.272664
1.896224 1.271749
1.896224 1.271749
0.39988 3.919232
0.39988 3.919232
1.684 2.157911
1.684 2.157911
1.042364 3.413782
1.807123 1.713834
0.571304 3.833334
0.571304 3.833334
1.549616 2.528786
1.549616 2.528786
1.513958 2.613756
1.513958 2.613756
1.513958 2.613756
1.513958 2.613756
1.513958 2.613756
1.513958 2.613756
1.022546 3.437674
1.208149 3.187711
1.208149 3.187711
1.208149 3.187711
1.914998 1.153746
1.376881 2.901171
1.376881 2.901171
1.391639 2.872867
1.34155 2.966644
1.014242 3.4475
1.39694 2.862558
1.311057 3.020681
1.351339 2.948819
1.351339 2.948819
1.115896 3.319503
1.702206 2.099995
1.702206 2.099995
1.40258 2.851504
1.32877 2.989562
1.405326 2.846092
1.32576 2.994903
1.32576 2.994903
1.930184 1.047642
1.930184 1.047642
1.935717 1.005984
1.961075 0.785323
1.961075 0.785323
1.961075 0.785323
1.421288 2.814208
1.710091 2.074212
1.710091 2.074212
1.287382 3.061141
1.287382 3.061141
1.765488 1.879416
1.286334 3.062904
1.796854 1.756494
1.796854 1.756494
1.796854 1.756494
1.763712 1.886074
1.763712 1.886074
1.763712 1.886074
1.774982 1.843302
1.444566 2.766391
1.777591 1.833216
1.443742 2.76811
1.443742 2.76811
1.7821 1.81562
1.431538 2.793348
1.937986 0.988354
1.945979 0.923401
1.752962 1.925747
1.752962 1.925747
1.442278 2.771163
1.442278 2.771163
1.438312 2.779395
1.787358 1.794828
1.787358 1.794828
1.787358 1.794828
1.787358 1.794828
1.720849 2.03831
1.726051 2.02064
1.722452 2.032889
1.722452 2.032889
1.722452 2.032889

0.960445 3.508587
1.975766 0.620799
1.975766 0.620799
1.975766 0.620799
1.975766 0.620799
1.876402 1.384361
1.86157 1.462267
1.428525 2.799512
1.858149 1.479571
1.858149 1.479571
1.0505 3.403792
1.0505 3.403792
1.0505 3.403792
1.414038 2.828778
1.93313 1.025686
1.883997 1.342468
1.884429 1.340043
1.275926 3.080269
1.931045 1.041275
1.844657 1.545625
1.724663 2.025378
1.930241 1.047227
1.628008 2.323437
1.916831 1.141503
1.918303 1.131571
1.585208 2.438948
1.611737 2.368377
1.923796 1.093635
1.923796 1.093635
1.919727 1.121868
1.715713 2.055557
1.839179 1.571524
1.839179 1.571524
1.586232 2.436283
1.586232 2.436283
1.921333 1.110818
1.635827 2.301364
1.639278 2.291522
1.641611 2.284832
1.954426 0.849041
1.458402 2.737199
1.835679 1.587807
1.835679 1.587807
1.600672 2.398207
1.592787 2.419116
1.592787 2.419116
1.594177 2.41545
1.946162 0.921854
1.946162 0.921854
1.783487 1.810163
1.210213 3.184578
1.655019 2.245808
1.4619 2.729723
1.4619 2.729723
1.782526 1.813948
1.781431 1.818245
1.801403 1.737753
1.801403 1.737753
1.663053 2.221942
1.796167 1.759302
1.797744 1.752846
1.797695 1.753046
1.659246 2.233295
1.659246 2.233295
1.659246 2.233295
1.953251 0.859792
1.89333 1.28888
1.707829 2.081654
1.469578 2.713182
1.679209 2.172791
1.744959 1.954604
1.744959 1.954604
1.744959 1.954604
1.811017 1.697313
1.705379 2.089672
1.705379 2.089672
1.705379 2.089672
1.484448 2.680608
1.484448 2.680608
1.355261 2.941609
1.474204 2.703127
1.474204 2.703127
1.812853 1.689455
1.77473 1.84427
1.820537 1.656075
1.820537 1.656075
1.696474 2.118468
1.696474 2.118468
1.684311 2.15694
1.684311 2.15694
1.684311 2.15694
1.684311 2.15694
1.687499 2.146948
1.311245 3.020355
1.311245 3.020355
1.819411 1.661017
1.819411 1.661017
1.819411 1.661017
1.819411 1.661017
1.749607 1.937911

0.434722 3.904365
0.434722 3.904365
0.434722 3.904365
0.638813 3.790471
0.650588 3.782452
0.703872 3.744096
1.637083 2.297791
1.980193 0.561553
1.624008 2.334608
0.853524 3.617455
0.853524 3.617455
1.976247 0.614652
1.976247 0.614652
1.942039 0.956
1.975179 0.628233
1.975179 0.628233
1.925799 1.079442
1.922317 1.10399
0.906708 3.565322
0.906708 3.565322
0.906708 3.565322
1.587439 2.433137
1.587439 2.433137
1.947631 0.909362
1.691914 2.133005
1.585695 2.43768
1.963374 0.762008
1.963374 0.762008
1.862923 1.455361
1.897826 1.26215
1.914045 1.160055
1.914045 1.160055
1.907259 1.203935
1.907259 1.203935
1.90754 1.202149
1.90754 1.202149
1.562801 2.496119
1.282735 3.068936
1.282735 3.068936
1.555909 2.513283
1.55486 2.515877
1.068479 3.381332
1.879228 1.368945
1.879228 1.368945
1.879228 1.368945
1.881189 1.35813
1.882346 1.351702
1.955444 0.839616
1.955444 0.839616
1.955444 0.839616
1.955444 0.839616
1.955444 0.839616
1.955444 0.839616
1.882128 1.352912
1.882128 1.352912
1.510011 2.622874
1.768374 1.868531
1.768374 1.868531
1.260261 3.105957
1.179701 3.23005
1.495916 2.654984
1.53222 2.570837
1.53222 2.570837
1.53222 2.570837
1.53222 2.570837
1.53222 2.570837
1.079455 3.367359
1.304104 3.032697
1.419628 2.817556
1.419628 2.817556
1.419628 2.817556
1.710142 2.074043
1.710142 2.074043
1.710142 2.074043
1.710142 2.074043
1.10823 3.32976
1.10823 3.32976
1.48857 2.67145
1.48857 2.67145
1.087322 3.35722
1.087322 3.35722
1.087322 3.35722
1.087322 3.35722
1.728745 2.01141
1.728745 2.01141
1.728745 2.01141
1.740194 1.971523
1.740244 1.971346
1.740244 1.971346
1.72368 2.02872
1.71937 2.043299
1.340576 2.968405
1.485168 2.679013
1.485168 2.679013
0.989417 3.476236
1.720617 2.039093
1.426773 2.803084
1.426773 2.803084
1.479039 2.692541
1.821585 1.651458

1.988983 0.419273
1.035264 3.422414
1.088662 3.355482
1.818342 1.665692
1.818342 1.665692
0.985583 3.48059
0.978079 3.489047
0.970695 3.497285
0.970695 3.497285
1.952357 0.867878
1.952357 0.867878
1.80658 1.716122
1.14948 3.273345
1.270015 3.090024
1.270015 3.090024
1.85699 1.48538
1.85699 1.48538
1.287742 3.060536
1.792477 1.774288
0.747955 3.709751
0.747955 3.709751
1.791908 1.776587
1.170992 3.242701
1.170992 3.242701
1.860666 1.466861
1.860666 1.466861
1.50324 2.638386
1.220417 3.168964
1.499322 2.647288
1.499322 2.647288
1.780753 1.820899
0.735255 3.719892
1.317987 3.008594
1.317987 3.008594
1.329664 2.987971
1.760389 1.898452
1.325989 2.994498
1.354307 2.943367
1.354307 2.943367
1.194258 3.208581
1.755284 1.917266
1.755284 1.917266
1.484401 2.680711
1.195286 3.20705
1.770594 1.860106
1.204569 3.193127
1.204569 3.193127
1.772797 1.851694
1.772797 1.851694
1.868342 1.427304
1.707723 2.082002
1.707723 2.082002
1.527365 2.582368
1.732512 1.998402
0.878582 3.593379
0.878582 3.593379
1.727827 2.014562
1.727827 2.014562
1.727636 2.015217
1.727636 2.015217
1.69497 2.123276
1.694789 2.123854
1.928374 1.060891
1.928374 1.060891
1.928374 1.060891
1.924172 1.090983
1.924172 1.090983
1.461359 2.730883
1.461359 2.730883
1.62 2.34572
1.619803 2.346264
1.619803 2.346264
1.63967 2.290399
1.640159 2.289
1.640159 2.289
1.919484 1.123536
1.919484 1.123536
1.941144 0.963241
1.941144 0.963241
1.941144 0.963241
1.941144 0.963241
1.941144 0.963241
1.941144 0.963241
1.387918 2.880057
1.387918 2.880057
1.451307 2.752241
1.451307 2.752241
1.451307 2.752241
1.603749 2.38997
1.909835 1.187483
1.909835 1.187483
1.909835 1.187483
1.909835 1.187483
1.540922 2.549948
1.599223 2.40207
1.599223 2.40207
0.538136 3.852485
0.538136 3.852485
0.538136 3.852485
1.897405 1.264678

1.898258 1.259552
1.882732 1.349551
1.968245 0.709966
1.921881 1.107021
1.923201 1.097811
1.924907 1.085783
1.269598 3.090709
1.059776 3.39227
1.867502 1.431692
0.910965 3.560979
0.910965 3.560979
1.852707 1.506623
1.867049 1.434055
1.867049 1.434055
1.926683 1.073116
1.926683 1.073116
1.844126 1.548158
1.865766 1.440718
1.52306 2.592519
1.938761 0.982256
1.995973 0.253717
1.530039 2.576029
1.936917 0.996701
0.904663 3.567399
1.945114 0.93066
1.834831 1.591723
0.892674 3.579459
1.541114 2.549484
1.995535 0.26712
0.887 3.585098
1.7116 2.069226
1.746564 1.948862
1.746564 1.948862
1.756356 1.913335
0.864936 3.606597
1.739202 1.97502
1.739202 1.97502
1.739202 1.97502
1.830957 1.609468
1.830422 1.6119
1.611171 2.369917
1.078458 3.368637
1.078458 3.368637
1.078458 3.368637
1.078458 3.368637
1.078458 3.368637
1.950761 0.882114
1.957323 0.821915
1.957323 0.821915
1.957323 0.821915
1.957323 0.821915
1.241933 3.135348
1.994791 0.288498
1.994791 0.288498
1.994791 0.288498
1.994791 0.288498
1.994791 0.288498
1.703256 2.096587
1.702293 2.099713
1.953387 0.858552
1.953387 0.858552
1.773011 1.850872
1.55819 2.507624
1.627866 2.323834
1.482665 2.684552
1.482665 2.684552
1.562964 2.495712
1.98074 0.553783
1.98074 0.553783
1.98074 0.553783
1.66225 2.224341
1.66225 2.224341
1.690957 2.136038
1.690957 2.136038
1.391541 2.873057
1.593926 2.416114
1.680075 2.170113
1.680075 2.170113
1.680597 2.168497
1.680597 2.168497
1.395664 2.865046
1.395664 2.865046
1.396464 2.863486
1.988437 0.429499
1.221192 3.16777
1.221192 3.16777
1.221192 3.16777
1.474149 2.703246
1.474149 2.703246
1.207289 3.189014
1.208186 3.187656
0.786017 3.678139
1.214741 3.177675
0.785412 3.678656
0.785412 3.678656
0.785412 3.678656
0.785412 3.678656
0.785412 3.678656
0.785412 3.678656
0.785412 3.678656

1.997094 0.215542
1.148852 3.274226
1.160888 3.2572
1.221554 3.167211
1.221554 3.167211
1.259062 3.107902
1.987729 0.442414
0.774232 3.688124
1.935993 1.003855
1.918479 1.130378
1.918479 1.130378
1.288571 3.05914
1.938065 0.987736
1.938065 0.987736
1.985409 0.482294
1.985409 0.482294
1.306029 3.029381
1.754001 1.921958
1.754001 1.921958
1.906821 1.206703
0.4581 3.893658
1.966031 0.734095
1.966031 0.734095
1.966031 0.734095
1.966031 0.734095
1.666491 2.211613
1.666491 2.211613
1.666491 2.211613
1.666491 2.211613
1.670472 2.199567
1.673663 2.189842
1.899781 1.250332
1.565636 2.489003
1.704665 2.092
0.859838 3.61147
0.859838 3.61147
0.859838 3.61147
1.771314 1.857359
0.829902 3.639375
0.829902 3.639375
0.829902 3.639375
0.829902 3.639375
0.829902 3.639375
1.555957 2.513163
1.555957 2.513163
1.889132 1.313286
1.889132 1.313286
1.977999 0.591682
1.582859 2.445041
1.979062 0.577284
1.979062 0.577284
1.979062 0.577284
1.89593 1.2735
1.89593 1.2735
1.89593 1.2735
1.89593 1.2735
1.550749 2.526006
1.550749 2.526006
1.53997 2.552249
1.728977 2.01061
1.877083 1.380667
1.710338 2.073397
1.710338 2.073397
1.712744 2.065438
1.712744 2.065438
1.974888 0.631875
1.974888 0.631875
1.974888 0.631875
1.974888 0.631875
1.727306 2.016347
1.727306 2.016347
1.725679 2.021913
0.569264 3.834547
1.85214 1.509408
1.444402 2.766734
1.413105 2.830643
1.592801 2.419077
1.51965 2.600511
1.51965 2.600511
0.957176 3.512158
1.872558 1.405031
1.872558 1.405031
1.872558 1.405031
1.779011 1.827697
1.871605 1.410098
1.432556 2.791261
1.870308 1.416967
1.616331 2.355821
1.616331 2.355821
1.616331 2.355821
1.497174 2.652147
1.497174 2.652147
1.511647 2.619102
1.511647 2.619102
1.780888 1.820371
1.780888 1.820371
1.452887 2.748905
1.452887 2.748905
1.506328 2.631331
0.979501 3.48745

0.255349 3.967264
0.255349 3.967264
0.435363 3.904079
0.435363 3.904079
1.965776 0.736814
1.958289 0.812662
1.958289 0.812662
1.726966 2.017511
1.756625 1.912347
1.756625 1.912347
1.91816 1.13254
1.91816 1.13254
1.910457 1.183479
0.583391 3.826045
0.583434 3.826019
0.583434 3.826019
1.404533 2.847656
1.651908 2.254951
1.651908 2.254951
1.651908 2.254951
1.651908 2.254951
1.6295 2.319249
1.950364 0.885618
1.239578 3.139073
1.94836 0.903087
0.613635 3.807073
0.613635 3.807073
1.532618 2.569888
1.848286 1.528188
1.848286 1.528188
1.84834 1.527924
1.84834 1.527924
1.84834 1.527924
1.566446 2.486965
1.979281 0.574272
1.979281 0.574272
1.979281 0.574272
1.979281 0.574272
1.979281 0.574272
1.945688 0.925844
1.517186 2.606259
1.861677 1.461722
1.861677 1.461722
1.861677 1.461722
1.259075 3.10788
1.57013 2.477654
1.067959 3.38199
1.067959 3.38199
1.068268 3.381599
1.775707 1.840505
1.514122 2.613377
1.514122 2.613377
1.602226 2.394053
1.602226 2.394053
1.698436 2.112168
1.698436 2.112168
1.990037 0.398763
1.575842 2.463106
1.576306 2.461916
1.597891 2.405613
1.501952 2.641317
1.50745 2.628759
1.506793 2.630265
1.695859 2.120435
1.695859 2.120435
1.693616 2.127596
1.077674 3.369641
1.693728 2.127238
1.693728 2.127238
1.591767 2.4218
0.761692 3.698554
1.591554 2.422359
0.757837 3.70172
1.305563 3.030186
1.271399 3.087746
1.271399 3.087746
1.271399 3.087746
1.271399 3.087746
0.890807 3.58132
1.353856 2.944196
1.313392 3.016621
1.313392 3.016621
1.313392 3.016621
1.352323 2.947013
1.88071 1.360781
0.780623 3.682731
0.780623 3.682731
1.896208 1.271842
1.896208 1.271842
1.896208 1.271842
0.90954 3.562436
1.348181 2.954595
1.42861 2.799339
1.117792 3.316951
1.123182 3.30966
1.343562 2.962999
1.343562 2.962999
1.343562 2.962999
1.932554 1.030021
1.932554 1.030021

0.780035 3.68323
0.780035 3.68323
0.806014 3.660788
0.806014 3.660788
0.953161 3.516523
0.958118 3.51113
1.99302 0.333903
1.99302 0.333903
1.657241 2.239244
1.05256 3.401246
1.05256 3.401246
1.05256 3.401246
1.669166 2.203529
1.672582 2.193142
1.736835 1.983336
1.753146 1.925076
1.630551 2.316294
1.724416 2.026217
1.698826 2.110914
1.482239 2.685492
1.482239 2.685492
1.985438 0.48181
1.709939 2.074712
1.709939 2.074712
1.709263 2.076939
1.709263 2.076939
1.915453 1.150723
1.915453 1.150723
1.915453 1.150723
1.915005 1.153699
1.516805 2.607145
1.766466 1.875738
1.766819 1.874406
1.955299 0.840967
1.955299 0.840967
1.955299 0.840967
1.984128 0.502941
1.984128 0.502941
1.984128 0.502941
1.984128 0.502941
1.984128 0.502941
1.984128 0.502941
1.802925 1.731429
1.52229 2.594327
1.818165 1.666464
1.196273 3.205577
1.125143 3.306994
1.125143 3.306994
1.125143 3.306994
1.616174 2.356252
1.616174 2.356252
1.90708 1.205064
1.183933 3.22385
1.529557 2.577172
1.529557 2.577172
1.20991 3.185038
1.798896 1.748111
1.8552 1.494301
1.8552 1.494301
1.798459 1.749907
1.798459 1.749907
1.866982 1.434402
1.965216 0.742773
1.965216 0.742773
1.550407 2.526847
1.409641 2.837544
1.930256 1.047117
1.539054 2.554456
1.539755 2.552767
1.405843 2.84507
1.824236 1.639712
1.824236 1.639712
1.824236 1.639712
1.421004 2.814782
1.421004 2.814782
1.421004 2.814782
1.448443 2.75827
1.448443 2.75827
1.448443 2.75827
1.448443 2.75827
1.448443 2.75827
1.375845 2.903137
1.375845 2.903137
1.375845 2.903137
1.375845 2.903137
1.375845 2.903137
1.375845 2.903137
1.948676 0.900358
1.948676 0.900358
1.270888 3.088589
1.780985 1.819993
1.780985 1.819993
1.780985 1.819993
1.780985 1.819993
1.780985 1.819993
1.164355 3.252247
1.568116 2.482749
1.289506 3.057564
1.289506 3.057564
1.289506 3.057564

1.995814 0.258673
0.953118 3.516569
0.953118 3.516569
0.953118 3.516569
0.953118 3.516569
0.953118 3.516569
1.146801 3.277101
1.053075 3.400607
1.303783 3.033248
1.303783 3.033248
1.673979 2.188875
1.673979 2.188875
1.065262 3.385391
1.702152 2.100171
1.710246 2.073702
1.709233 2.077039
1.709233 2.077039
1.688763 2.142969
1.688763 2.142969
1.426718 2.803196
1.071607 3.377371
1.745916 1.951182
1.746619 1.948663
1.746619 1.948663
1.746619 1.948663
1.746619 1.948663
1.312499 3.018176
1.312499 3.018176
1.312499 3.018176
1.439189 2.777578
1.764704 1.882358
1.324657 2.996854
1.982195 0.532559
1.982195 0.532559
1.441664 2.772439
1.405799 2.845156
1.386531 2.882729
1.378259 2.898553
1.378259 2.898553
1.378259 2.898553
1.378259 2.898553
1.935746 1.005758
1.935746 1.005758
1.935746 1.005758
1.935746 1.005758
1.920184 1.118739
1.920184 1.118739
1.920184 1.118739
1.652597 2.25293
1.819925 1.658764
1.910135 1.185556
1.819242 1.661757
1.819242 1.661757
1.91307 1.166473
1.91307 1.166473
1.911915 1.174019
1.81165 1.694609
1.457784 2.738514
1.614652 2.360422
1.829573 1.61575
1.114847 3.320913
1.114847 3.320913
1.114847 3.320913
1.114847 3.320913
1.114847 3.320913
1.114847 3.320913
1.461111 2.731414
1.89634 1.271052
1.955384 0.840172
1.955384 0.840172
1.895948 1.273391
1.895948 1.273391
1.895948 1.273391
1.944629 0.934707
1.805407 1.721054
1.805407 1.721054
1.949859 0.890058
1.949859 0.890058
1.97914 0.576213
1.947114 0.913774
1.947417 0.911192
1.947417 0.911192
1.858106 1.479788
1.957535 0.819897
1.986013 0.472237
1.515241 2.610782
1.887016 1.325399
1.887016 1.325399
1.6224 2.339075
1.6224 2.339075
1.853813 1.50117
1.853813 1.50117
1.533395 2.568034
1.83744 1.57964
1.529445 2.577438
1.529445 2.577438
1.529445 2.577438
1.529445 2.577438
1.476196 2.698775
1.476196 2.698775

1.997045 0.217344
1.997045 0.217344
1.997045 0.217344
1.988154 0.434714
1.988154 0.434714
1.975522 0.623896
0.594701 3.819074
0.598361 3.816786
0.598361 3.816786
0.598361 3.816786
0.598361 3.816786
1.969942 0.690884
1.594657 2.414183
1.324955 2.996328
1.335548 2.977457
1.300694 3.03855
0.844358 3.62605
0.844358 3.62605
1.311315 3.020235
1.268183 3.093033
0.847342 3.623265
0.847342 3.623265
1.249888 3.122678
1.357354 2.937748
1.575321 2.464438
1.37445 2.905778
1.37445 2.905778
1.466706 2.719393
1.630749 2.315734
1.714992 2.057964
1.22595 3.16041
1.22595 3.16041
1.464725 2.723661
1.464725 2.723661
1.699887 2.107495
1.699887 2.107495
1.859275 1.473902
1.859275 1.473902
1.86042 1.468113
1.455969 2.742374
1.455969 2.742374
1.727594 2.015359
1.2078 3.18824
1.2078 3.18824
1.729178 2.00992
1.729178 2.00992
1.010247 3.452189
1.688491 2.143826
1.023424 3.436628
1.023424 3.436628
1.023424 3.436628
1.418667 2.819492
1.418667 2.819492
1.418797 2.81923
1.418797 2.81923
1.418797 2.81923
1.918639 1.12929
1.559023 2.505552
0.991958 3.473338
1.823427 1.643305
0.931319 3.539856
1.82068 1.655443
1.68167 2.165166
0.977887 3.489262
1.641456 2.285277
1.641898 2.284006
1.74154 1.966762
1.825102 1.635852
1.92596 1.078291
1.92596 1.078291
1.677413 2.178336
1.676069 2.182469
1.743571 1.95955
1.743571 1.95955
0.968397 3.499833
0.937229 3.533611
0.937229 3.533611
1.870697 1.414911
1.67454 2.187159
1.807017 1.714281
1.807017 1.714281
1.807017 1.714281
1.807017 1.714281
1.807017 1.714281
1.807017 1.714281
1.107782 3.330357
1.946394 0.919888
1.872961 1.402876
1.183026 3.225183
1.871777 1.409183
1.871777 1.409183
0.941747 3.528803
0.941747 3.528803
1.875393 1.389824
1.896694 1.26894
0.944197 3.526183
1.830836 1.610016
1.773939 1.847312
1.773939 1.847312
1.661558 2.226409

