0.764279 3.813514
0.960053 3.725106
1.227972 3.655738
2.348248 1.158926
1.491901 3.441999
1.674845 2.93492
2.113973 1.41944
2.113973 1.41944
2.113973 1.41944
1.956035 1.795192
1.696622 2.773388
1.86108 2.355363
1.703695 2.724194
1.909168 2.020808
1.918388 1.915115
1.913168 1.948795
2.073545 1.525373
1.390702 3.438227
1.816199 2.225466
1.962774 1.588889
1.962455 1.589251
1.988597 1.563958
1.966014 1.586678
2.109425 1.445676
1.529113 3.373513
1.773395 2.434719
1.747105 2.597716
2.089281 1.486134
1.950605 1.70747
1.968975 1.585552
1.390702 3.438227
0.901371 3.763098
1.816199 2.225466
1.962774 1.588889
1.962455 1.589251
1.988597 1.563958
1.966014 1.586678
1.8935 2.185765
2.169204 1.320181
2.110173 1.404597
0.863459 3.801548
1.773097 2.505365
1.935516 1.911273
2.080346 1.518378
1.656377 2.919755
1.594887 3.302391
1.968975 1.585552
1.390702 3.438227
2.073177 1.52851
0.901371 3.763098
1.816199 2.225466
1.962774 1.588889
1.962455 1.589251
1.988597 1.563958
1.966014 1.586678
0.760409 3.80952
1.337463 3.492882
1.156614 3.605125
1.807924 2.280179
0.930874 3.718293
2.320308 1.086471
1.944361 1.729372
1.686128 2.854509
1.60195 3.260123
1.942305 1.743281
1.816199 2.225466
1.357432 3.239539
1.388896 3.216346
0.764279 3.813514
0.764364 3.8136
1.640955 2.584522
1.962789 1.588904
1.962774 1.588889
1.962792 1.588907
1.963756 1.588508
2.136509 0.904681
0.84597 3.711059
0.93384 3.592913
1.943826 1.675226
1.988377 1.563738
1.962783 1.588897
1.962789 1.588904
1.9628 1.588915
1.962769 1.588884
1.962455 1.589251
2.053089 1.386793
1.764189 2.219889
0.961576 3.565989
1.905683 1.842165
1.988597 1.563958
1.966014 1.586678
0.760409 3.80952
1.962774 1.588889
0.760059 3.808565
1.962792 1.588907
1.966012 1.586336
0.764742 3.813977
1.962384 1.58918
1.962792 1.588907
1.967503 1.585169

2.201497 0.474673
2.197704 0.579753
2.193066 0.62013
1.087387 3.418659
0.732413 3.857078
0.713712 3.871061
0.667427 3.880745
2.192205 0.650679
1.053567 3.444836
1.156661 3.373183
1.875187 2.016862
1.886697 1.980485
2.191198 0.674653
1.181397 3.328277
0.245354 4.103546
0.792635 3.775219
2.09646 1.132697
1.438637 2.855137
1.01441 3.517633
1.848376 2.115751
2.101914 1.082569
0.804192 3.764332
1.846686 2.121516
2.114796 1.032538
1.421111 2.907737
1.000154 3.533295
1.663659 2.471561
1.380393 2.959384
2.089048 1.188613
0.255949 4.101229
0.850783 3.729381
0.581025 3.954527
1.397793 2.94565
0.887472 3.718593
0.936749 3.690849
1.682149 2.401498
1.205805 3.280209
1.843254 2.173029
1.914653 1.866006
1.208092 3.273855
1.704006 2.369106
1.910683 1.880238
1.91266 1.877854
0.263267 4.097365
2.184306 0.77208
1.722728 2.324334
2.115279 0.972439
0.972446 3.585622
1.648527 2.540779
1.629299 2.573381
1.819553 2.193894
2.085817 1.233125
1.962707 1.665134
1.634125 2.547562
0.553889 3.972739
1.50774 2.818497
1.618051 2.618155
1.541515 2.808558
1.540224 2.809127
0.959777 3.61474
1.571468 2.737957
0.532069 3.977562
1.79058 2.249312
0.94485 3.629262
1.924747 1.777264
2.180723 0.828263
1.928707 1.775253
2.135433 0.921974
2.047014 1.493639
2.08369 1.274348
2.076852 1.274858
1.740261 2.295648
2.143129 0.913319
0.500991 4.000062
1.591881 2.679602
1.582152 2.69147
1.9366 1.751011
2.070704 1.382532
1.748708 2.283356
2.165801 0.861435
2.052509 1.442663
2.169815 0.847934
1.236785 3.213969
2.025469 1.58534
0.285413 4.089024
2.060756 1.399451
2.062148 1.392053
2.009203 1.614751
1.324161 3.054678
0.425109 4.032166
1.282179 3.165269
2.014377 1.597426
2.012407 1.602756
1.32032 3.064872
1.25711 3.170059
1.288257 3.100403
0.465033 4.007451
1.315009 3.075029
0.455107 4.016911
0.312921 4.086317

0.306023 4.084337
0.933555 3.707721
0.934754 3.665764
1.832165 2.56748
1.809998 2.596481
0.99488 3.586764
1.765819 2.647132
1.759675 2.665899
1.177353 3.534006
0.931902 3.58455
1.331878 2.990984
1.340774 2.980316
1.538186 2.738285
1.501954 2.795195
0.287689 4.066233
1.852307 2.535585
1.758604 2.564971
0.931902 3.58455
1.331878 2.990984
1.340774 2.980316
1.538186 2.738285
1.501954 2.795195
0.287689 4.066233
1.500771 2.930777
1.164109 3.475653
1.175035 3.459158
0.931902 3.58455
1.331878 2.990984
1.340774 2.980316
1.538186 2.738285
1.501954 2.795195
0.287689 4.066233
1.327398 3.387828
1.847411 2.550114
1.428616 2.924243
1.13898 3.557205
1.175035 3.459158
1.109185 3.539909
1.776401 2.512567
1.501872 2.795114
1.746168 2.560744
1.167798 3.420153
1.692209 2.600457
0.586736 3.98359
1.466574 2.864091
1.688139 2.652494
1.340643 2.980186
1.340869 2.980411
1.502183 2.795424
0.931902 3.58455
1.340832 2.980375
1.331878 2.990984
0.28714 4.065684
1.751214 2.531998
1.741494 2.525638
1.460428 2.868434
1.30328 3.056697
1.07643 3.548276
1.61915 2.60744
1.64227 2.703122
1.456731 2.864736
1.340774 2.980316
1.266788 3.139641
1.830753 2.431567
1.177714 3.461919
1.537947 2.738046
1.340809 2.980352
1.340865 2.980407
1.538429 2.738527
1.538257 2.738356
1.34085 2.980392
1.538186 2.738285
1.502763 2.795852
1.331705 2.990958
1.332183 2.991436
1.331426 2.99068
1.502712 2.795802
1.502576 2.795666
1.501954 2.795195
1.502763 2.795852
1.233455 3.202062
1.289119 3.081135
1.298612 3.057017
1.922171 1.784575
0.93115 3.583798
1.538721 2.738819
1.340615 2.980157
1.331939 2.991192
1.332109 2.991142
0.831921 3.709422
0.941035 3.56662
0.930185 3.58277
1.536678 2.736624
1.340812 2.980354
1.331733 2.99084
0.287689 4.066233
1.497311 2.790097
1.332512 2.991618
0.287152 4.065696
1.502763 2.795852

0.236204 4.144121
0.992674 3.542407
0.978902 3.563125
1.061764 3.521407
2.203897 0.487726
1.351023 3.009526
1.123943 3.482087
2.201071 0.496699
2.201071 0.496699
0.951874 3.668442
1.303913 3.120217
1.38142 2.96128
0.912878 3.681764
0.301879 4.104068
2.103739 1.088441
2.199201 0.516371
0.876878 3.7304
2.094788 1.164243
1.401328 2.927719
0.858608 3.731672
0.734977 3.846542
0.788426 3.772778
0.691921 3.881604
0.314228 4.098193
2.109684 1.016477
0.626383 3.912527
0.750517 3.825953
1.287165 3.150318
0.658183 3.892583
1.419311 2.892069
2.115561 0.963016
2.092601 1.212649
2.117019 0.942133
2.134526 0.926869
2.087002 1.223887
2.191543 0.733307
2.165852 0.860071
1.804727 2.226358
0.52014 3.986474
2.182648 0.770153
0.342402 4.079803
1.431237 2.815789
1.252715 3.17219
1.757805 2.285813
0.510743 3.988991
2.180083 0.80354
1.717179 2.296934
1.440195 2.813699
1.707549 2.317427
1.827832 2.179699
2.193176 0.610879
1.532398 2.806534
0.490945 4.002602
0.487108 4.005301
1.597343 2.654001
2.192059 0.677176
1.584178 2.677948
2.19242 0.653027
0.377963 4.073799
1.536251 2.752362
0.378529 4.068063
1.570566 2.715952
1.93633 1.788759
1.558516 2.723679
1.9237 1.802589
1.903113 1.885324
1.94384 1.753736
1.630486 2.529256
1.157415 3.3477
1.704182 2.37252
1.83339 2.132026
1.658057 2.519821
1.638881 2.527461
1.951295 1.724508
1.842394 2.123857
1.226249 3.229507
2.083737 1.326413
1.685754 2.420011
1.665201 2.47354
1.963103 1.692151
1.673549 2.46201
2.020878 1.60386
1.171453 3.337607
1.970618 1.66751
2.03162 1.588868
2.076994 1.343841
1.889809 1.95333
2.032378 1.574588
2.076627 1.362397
1.210783 3.267558
1.185787 3.323212
2.039581 1.515914
2.065748 1.4007
2.047052 1.511031
1.849546 2.062966
1.191891 3.321131
2.055743 1.411931
1.880891 1.97297
1.871937 2.040777
1.193378 3.30045

2.19867 0.620442
2.189244 0.700163
0.247795 4.112134
0.253281 4.102421
0.290365 4.09539
1.263431 3.171802
1.24871 3.235322
1.318312 3.154773
1.205399 3.2574
2.186793 0.803089
1.190735 3.316727
2.183201 0.803482
1.336702 3.090991
1.544692 2.776894
0.357222 4.086347
1.527855 2.786908
1.55563 2.722964
1.581407 2.683772
1.726893 2.301785
2.181301 0.8514
1.355201 3.037271
1.42057 2.836341
1.36974 3.006772
1.451602 2.830511
1.384571 2.972953
1.388043 2.922564
1.810345 2.234712
1.108547 3.362661
1.599035 2.5971
2.09437 1.191479
1.819513 2.219811
1.4074 2.886493
2.10183 1.103253
1.833409 2.169173
2.085447 1.208921
1.820327 2.194594
0.413616 4.06174
2.164575 0.900733
1.094558 3.375094
1.711055 2.368782
1.084963 3.390951
1.877793 1.99369
1.869782 2.04216
1.70669 2.389772
1.851484 2.085101
2.103605 1.054407
1.93352 1.739809
1.625275 2.561551
0.434795 4.021726
2.104102 1.046279
1.911414 1.844731
1.918509 1.80331
1.864024 2.066195
1.70377 2.408566
1.94335 1.670613
1.93259 1.766324
1.90825 1.864055
2.122997 0.964409
1.694411 2.442384
1.887882 1.936313
1.049403 3.438956
2.117244 1.000464
1.897149 1.928791
1.640673 2.547582
0.704443 3.838222
2.120089 0.986743
0.747413 3.81666
0.873544 3.69021
0.758821 3.805156
0.688688 3.888797
1.954914 1.616737
1.651567 2.525078
1.95891 1.615465
0.839523 3.7467
1.652647 2.499854
1.0332 3.467409
0.676547 3.898477
0.901843 3.670472
0.827432 3.763101
0.823615 3.768364
0.476859 4.021144
1.98286 1.59234
2.070819 1.301492
0.913236 3.637682
1.007598 3.503927
2.039656 1.523943
2.037682 1.53751
2.032584 1.540035
0.940183 3.594789
0.952968 3.581498
0.506829 4.007786
0.990584 3.549685
0.990584 3.549685
2.050648 1.438233
0.610525 3.926606
2.06634 1.325789
2.06634 1.325789
2.05257 1.427435
2.057625 1.373057
2.065621 1.348259

1.854227 2.416692
1.616506 2.870309
1.95606 1.599845
1.579347 2.869347
0.517429 3.974894
0.517429 3.974894
0.517429 3.974894
1.181886 3.435948
0.615504 3.955384
0.679417 3.939057
0.901049 3.649257
0.901049 3.649257
0.901049 3.649257
1.015763 3.501776
1.015763 3.501776
1.015763 3.501776
1.393169 3.102641
1.371169 3.135552
1.280398 3.266614
1.311003 3.245283
1.315416 3.239102
0.517429 3.974894
1.95606 1.599845
1.015763 3.501776
0.901049 3.649257
1.433124 3.039444
0.295173 4.163301
1.311003 3.245283
1.373885 3.108833
1.063238 3.456484
1.425463 3.061323
0.517429 3.974894
1.95606 1.599845
1.015763 3.501776
0.901049 3.649257
1.837357 2.285441
0.624582 3.954228
1.190076 3.317112
0.642807 3.943804
1.189999 3.350174
0.517429 3.974894
1.95606 1.599845
1.015763 3.501776
0.901049 3.649257
2.174454 1.459665
1.649689 2.799206
1.761527 2.695983
0.817583 3.830639
0.517429 3.974894
1.95606 1.599845
1.015763 3.501776
0.901049 3.649257
1.507281 2.920113
1.280398 3.266614
1.338027 3.19558
0.607319 3.961204
0.517429 3.974894
1.95606 1.599845
1.015763 3.501776
0.901049 3.649257
1.451281 3.013268
1.693952 2.736644
1.276805 3.308098
2.168938 1.495928
1.615756 2.829473
1.822218 2.591945
0.551515 3.964493
0.244285 4.130474
1.278222 3.160473
1.570417 2.818184
1.443061 2.907339
1.626758 2.66988
2.05355 1.397532
0.602207 3.917754
1.086409 3.388996
0.517429 3.974894
0.520048 3.977513
0.515588 3.973053
0.518716 3.976181
0.517452 3.974917
0.518296 3.975761
0.520058 3.977523
0.518444 3.975909
1.049162 3.446148
1.162508 3.261053
1.828645 2.119225
1.334696 2.988047
2.080829 1.201605
1.077655 3.406774
1.95606 1.599845
1.013859 3.499872
0.520007 3.977473
0.89966 3.647869
0.901753 3.649961
2.05539 1.372403
1.955623 1.599408
1.015763 3.501776
0.519566 3.977031
0.901049 3.649257
0.517927 3.976439

2.237458 0.398814
2.217318 0.454887
0.307746 4.11806
2.214423 0.50862
1.930049 1.829165
1.280793 3.149849
1.232464 3.253751
1.303626 3.088402
1.090035 3.466713
1.13386 3.351189
1.023647 3.504543
1.255687 3.178258
1.89513 1.929162
1.889178 1.934909
1.191523 3.340243
1.177773 3.351046
1.18028 3.341645
1.006629 3.543933
1.879585 2.015662
1.932867 1.760507
1.93471 1.757389
1.866587 2.023245
2.123743 0.953002
2.121084 0.998322
2.121047 1.092154
1.341105 3.066878
2.106827 1.140174
0.98504 3.560807
1.853437 2.074906
0.980732 3.566179
0.330314 4.091795
1.705108 2.37
2.207643 0.558037
1.80598 2.268481
2.154456 0.9059
2.203722 0.563082
1.69756 2.396659
1.829973 2.166638
0.941573 3.643814
2.086808 1.211643
1.848871 2.147773
1.821512 2.207601
1.743551 2.315177
2.091936 1.174427
1.695709 2.438614
0.336123 4.083479
2.091644 1.178444
1.679124 2.491139
1.374847 3.013952
1.767453 2.293333
1.955965 1.67513
2.075943 1.29193
1.590065 2.661336
1.38894 2.994195
2.160163 0.87154
0.670813 3.898336
1.649034 2.572612
2.167776 0.856788
2.193855 0.639575
2.177581 0.800688
1.96338 1.667885
1.642132 2.583371
0.70748 3.851198
1.601999 2.620804
2.184794 0.752605
1.610557 2.596871
0.569019 3.960036
1.548948 2.765448
1.545365 2.77617
2.193254 0.673684
0.614248 3.945652
2.188753 0.69225
0.546381 3.96916
0.619217 3.921439
1.510694 2.831502
1.391791 2.9253
2.067785 1.374475
1.515291 2.787418
0.360281 4.072332
0.883058 3.744734
0.886819 3.719721
0.85717 3.750548
0.885672 3.725602
0.759383 3.834765
0.785463 3.801518
2.064837 1.391615
0.371581 4.072075
1.991842 1.585411
0.773641 3.819893
0.484393 4.017913
2.031031 1.583678
2.022878 1.58447
0.463199 4.020953
1.419976 2.887207
2.06077 1.409332
1.427001 2.862491
1.426213 2.863924
0.438073 4.052484
2.044974 1.512748
2.052923 1.457667

0.354714 4.069209
0.354714 4.069209
0.757774 4.050974
0.875505 3.881006
1.162757 3.439429
2.107736 1.383118
1.204458 3.315751
2.043843 1.785215
1.698624 2.750058
1.682611 2.782019
1.379539 3.3038
2.010938 1.866646
1.780739 2.47133
1.385395 3.191619
1.462797 3.191208
1.555253 2.970106
1.547524 3.011147
1.510512 3.068491
2.318915 0.644227
1.978406 2.063593
1.799836 2.290204
1.799836 2.290204
1.855745 2.078245
2.294296 0.704609
1.836267 2.156211
2.147832 0.984225
2.201261 0.792619
1.562518 2.823175
2.190831 0.947371
0.354529 4.069024
1.215388 3.25724
1.809467 2.230356
1.85504 2.077539
2.095053 1.276281
1.890205 1.979498
1.497699 2.916622
1.998421 1.772926
0.657799 3.978313
1.462483 3.027319
1.685965 2.711847
2.065133 1.445811
1.846678 2.131536
1.203417 3.31471
0.873917 3.879417
2.147832 0.984225
2.201261 0.792619
1.562518 2.823175
2.190831 0.947371
0.354529 4.069024
1.215388 3.25724
1.809467 2.230356
1.85504 2.077539
2.036273 1.706325
1.152414 3.393533
1.780199 2.4162
1.851415 2.094889
0.944041 3.8508
1.759655 2.537449
1.652852 2.776402
0.346979 4.098798
1.188962 3.343002
2.065133 1.445811
1.846678 2.131536
0.873917 3.879417
2.147832 0.984225
2.201261 0.792619
1.562518 2.823175
2.190831 0.947371
0.354529 4.069024
1.215388 3.25724
1.809467 2.230356
1.85504 2.077539
1.807802 2.279093
1.459109 3.035476
1.496833 2.93379
2.132542 1.114734
1.759655 2.537449
1.652852 2.776402
0.346979 4.098798
1.188962 3.343002
1.799836 2.290204
2.065133 1.445811
1.846678 2.131536
1.204458 3.315751
0.873917 3.879417
1.836309 2.156252
2.167022 1.003416
2.319199 0.644511
2.147832 0.984225
2.201261 0.792619
1.562518 2.823175
2.205226 0.889739
2.190831 0.947371
0.354529 4.069024
1.215388 3.25724
1.809467 2.230356
1.855745 2.078245
2.193205 0.964756
2.162337 0.99873
1.85504 2.077539

2.214901 0.514871
0.286956 4.088186
2.206216 0.519087
2.199658 0.539664
1.716238 2.285062
2.198076 0.554456
1.793173 2.281075
1.813968 2.223978
0.317398 4.075719
2.116366 0.994336
2.106538 1.04389
2.129053 0.972641
2.105372 1.092017
1.837571 2.167419
2.150611 0.930822
0.695556 3.853109
0.749436 3.822056
1.858219 2.14748
1.556841 2.728487
0.803066 3.812368
2.182701 0.798733
2.170498 0.856571
0.344763 4.066425
1.575074 2.657059
0.805182 3.795016
1.523278 2.775852
0.847712 3.773418
1.243891 3.309151
0.644 3.93916
1.596149 2.634458
1.862124 2.100942
0.355623 4.055153
1.945169 1.686149
1.247504 3.281591
2.1872 0.741445
1.250466 3.275173
1.426819 2.813201
1.256929 3.256189
1.924008 1.788474
1.976203 1.684553
1.487017 2.79669
1.687437 2.417276
1.944617 1.712666
0.867291 3.711366
2.190963 0.730954
1.679595 2.41947
0.600418 3.956628
0.602337 3.945126
2.028173 1.610832
2.092456 1.220054
2.192219 0.682072
1.996368 1.621312
2.040669 1.498584
2.19183 0.69556
1.138156 3.360245
2.032151 1.569223
2.054944 1.48055
1.671071 2.441058
0.934792 3.613145
0.909279 3.66106
1.644996 2.522169
0.933854 3.654189
1.670682 2.458137
2.085623 1.235823
1.621768 2.576081
1.127935 3.400617
1.627613 2.570203
0.410286 4.044148
0.963903 3.593515
1.007102 3.565703
0.524079 3.96565
2.084195 1.256505
1.303419 3.155495
1.075453 3.424065
1.870654 2.009881
1.421532 2.868343
1.073867 3.433355
1.064531 3.434154
0.462405 4.009525
2.056179 1.410176
1.417956 2.879223
1.328731 3.126957
0.509877 3.990459
0.50487 4.001722
1.883572 1.998672
1.910022 1.876839
1.016337 3.507528
2.05754 1.398799
1.020251 3.49563
1.405988 2.910944
1.891036 1.97946
1.904753 1.891246
2.081334 1.29547
1.897565 1.909012
1.904303 1.905169
1.391222 2.946646
1.331524 3.090754
2.074155 1.308606
2.067219 1.362399
1.341062 3.078286

2.18205 0.829863
2.181789 0.862282
2.181789 0.862282
2.090642 1.238614
2.106766 1.067312
2.0714 1.351492
2.0714 1.351492
2.107406 1.05197
2.137775 0.945705
2.129073 0.956825
2.119519 0.972093
0.830176 3.744669
0.796536 3.804004
0.764564 3.83487
0.257964 4.109234
0.885101 3.672577
2.070846 1.449849
1.960797 1.610889
1.149433 3.387411
0.908589 3.660855
2.069284 1.479513
0.931662 3.6471
1.729049 2.298831
1.704889 2.349142
1.715147 2.337786
1.947684 1.714725
2.02545 1.567718
1.209224 3.250254
1.95707 1.696544
1.952771 1.701627
2.044838 1.485217
1.938179 1.786749
0.272875 4.106343
1.216956 3.235399
1.123563 3.404768
1.226722 3.23283
1.93052 1.830914
2.031268 1.518288
1.241062 3.204714
1.909226 1.870942
0.950323 3.59442
1.099122 3.420814
1.584122 2.777642
0.480132 4.041077
1.077354 3.433695
0.283069 4.104396
1.602536 2.685377
1.587116 2.706602
0.451488 4.05611
0.506292 3.981235
1.605324 2.632946
1.691633 2.470685
1.901899 1.935208
1.785798 2.261406
1.619983 2.592824
0.983375 3.546497
1.055895 3.493161
0.68115 3.871678
1.663391 2.479273
1.815623 2.244492
1.641342 2.549356
1.886585 1.959177
1.00419 3.508354
1.659571 2.492415
1.881517 1.972511
1.01369 3.507358
1.649419 2.52147
0.311462 4.096316
0.545463 3.95262
1.532899 2.808141
1.300078 3.151664
1.295519 3.151845
0.6634 3.888076
1.51963 2.815317
0.387655 4.07262
1.873147 2.019997
0.635271 3.897757
0.615906 3.94402
1.825668 2.183343
1.48905 2.816743
0.592562 3.945874
0.617927 3.91856
1.431185 2.831088
0.346745 4.081554
0.346745 4.081554
1.828986 2.159349
1.423157 2.849215
1.869725 2.079436
1.865128 2.105171
1.416853 2.864958
1.846184 2.138057
1.852663 2.117723
1.337791 3.065946
1.404012 2.929924
1.348697 3.05122
1.402002 2.942272
1.391742 2.949807
1.384673 3.006675
1.378922 3.019196
1.361043 3.029387

2.201791 0.501198
2.19914 0.51502
2.195643 0.579635
0.410604 4.030416
1.671169 2.454411
1.432891 2.836797
1.41493 2.891315
1.392876 2.957232
0.427366 4.028311
1.361469 3.015157
1.428644 2.863466
1.324787 3.137041
1.69548 2.393234
1.349145 3.055436
1.334246 3.086722
2.192756 0.646324
0.861211 3.695095
1.724199 2.388332
1.285166 3.149743
1.487405 2.805223
1.927598 1.823033
1.643107 2.544343
0.944303 3.63209
1.9011 1.894366
0.909839 3.646221
0.918732 3.642699
0.814027 3.74367
2.190722 0.686728
1.229628 3.230344
1.897882 1.931037
1.216864 3.233017
0.810053 3.780522
1.938468 1.781117
0.452182 4.023958
1.938752 1.779414
2.190059 0.701723
2.186009 0.762399
1.734222 2.310284
1.946774 1.711126
0.979206 3.525192
1.196349 3.272858
1.048158 3.48067
0.990161 3.515417
1.072148 3.426321
1.953039 1.681625
1.79787 2.261882
1.1789 3.306745
1.751388 2.300973
1.80961 2.208339
1.53865 2.749345
1.882533 1.984814
2.064355 1.394142
2.068478 1.352016
1.753729 2.269883
2.076405 1.28067
1.009302 3.498891
1.640463 2.608036
0.462921 4.016886
2.083562 1.244701
2.098027 1.10985
1.129275 3.396975
1.839105 2.138344
2.110112 1.039446
1.155269 3.373653
1.878992 2.034904
0.752721 3.806791
1.560352 2.72384
1.976202 1.605501
1.853467 2.108089
2.111515 1.008523
2.055282 1.431359
2.091044 1.168242
2.176971 0.824465
1.141164 3.373947
2.149561 0.971561
1.876057 2.066022
2.088201 1.199435
2.088201 1.199435
2.117945 0.984945
0.487077 4.008695
1.99053 1.596145
2.169135 0.838689
0.751954 3.846819
2.050255 1.458839
2.012753 1.572225
1.864288 2.071893
2.153308 0.902257
2.045054 1.506626
0.615679 3.926083
0.540155 3.939922
1.603558 2.615295
2.043926 1.535041
1.578632 2.674648
2.160434 0.883497
1.597652 2.627597
0.653315 3.919615
0.522351 3.951694
1.594904 2.651821
0.672614 3.898076
0.700945 3.887589

2.174245 0.806065
2.173996 0.817151
2.160767 0.836239
2.141594 0.88593
2.089468 1.196061
2.1187 0.91661
2.097352 1.14081
2.100636 1.079877
2.110357 1.07018
2.07728 1.273179
2.07225 1.33632
2.110731 1.011672
2.070073 1.387276
2.063002 1.391056
0.793597 3.766834
0.771907 3.809181
0.771907 3.809181
0.870422 3.755363
0.657687 3.913855
0.378738 4.076008
0.949561 3.588575
0.979385 3.575501
0.6346 3.922364
2.049305 1.470243
2.044679 1.473697
0.389516 4.068951
1.00806 3.519416
0.878835 3.71059
0.895127 3.669167
1.669585 2.446434
0.892347 3.69216
1.015194 3.500512
1.923184 1.830437
0.592404 3.938916
1.658954 2.472592
1.022292 3.480521
1.714855 2.393407
1.647856 2.504944
1.919321 1.882834
1.824082 2.204922
0.39509 4.052435
1.73305 2.358169
1.835562 2.146022
1.938137 1.780537
1.784807 2.253544
1.760974 2.265474
0.579052 3.957573
1.914816 1.898158
1.906024 1.910871
1.756606 2.292522
1.738535 2.304777
0.405199 4.044765
1.853695 2.085461
2.01628 1.587799
1.633996 2.567785
1.08947 3.419096
1.885602 1.989587
1.856738 2.071615
1.867775 2.064281
1.878301 2.02772
1.425555 2.823014
1.951905 1.723924
1.290261 3.12857
1.249229 3.177153
1.548148 2.776105
1.322941 3.092195
1.537587 2.789142
1.304495 3.103896
1.622794 2.609153
1.333271 3.071851
1.559273 2.760052
1.954496 1.674953
1.609279 2.614319
1.491074 2.810979
0.52645 3.975128
1.994198 1.614633
1.351625 3.036079
1.215475 3.223091
1.603113 2.650792
1.57735 2.712581
1.387014 2.976953
1.12951 3.396249
1.581188 2.669545
1.987716 1.624925
0.515628 4.010692
1.398633 2.919535
1.365538 2.999676
1.96412 1.649736
0.466815 4.033807
1.14229 3.392456
1.968707 1.646957
1.418342 2.872443
1.408321 2.892443
1.408971 2.883007
1.160606 3.380313
0.487805 4.015036
1.16455 3.362695
1.206716 3.256364
1.206615 3.262211
1.202752 3.27203

2.2151 0.430606
2.117797 1.022444
2.100574 1.159885
2.207545 0.445039
2.096428 1.194402
0.252826 4.120068
0.255024 4.119728
2.14709 0.94018
2.175062 0.93121
2.175656 0.910279
2.089909 1.25235
2.087423 1.259537
2.178705 0.832397
0.278012 4.111059
1.43002 2.88239
1.388905 2.984051
1.43757 2.823883
0.691145 3.901373
1.435189 2.841735
2.20708 0.482239
1.840181 2.155272
1.86122 2.071222
0.672825 3.904595
2.072908 1.332171
0.642514 3.906378
0.288834 4.100668
0.55834 3.968649
1.812404 2.248262
0.768217 3.802848
0.596123 3.954915
1.814924 2.194331
0.470817 4.02286
0.505243 4.001627
0.797204 3.794969
2.187035 0.742113
2.188101 0.740263
1.36032 3.030509
2.189519 0.6856
2.204064 0.500341
2.062353 1.413668
2.059977 1.42453
1.77527 2.252843
0.322559 4.098896
2.054401 1.47557
1.335235 3.044086
0.836533 3.7628
2.193523 0.65525
1.515901 2.793475
0.87686 3.745413
2.044223 1.495228
2.199575 0.528567
0.427148 4.046879
1.722788 2.29103
1.721107 2.294748
1.297803 3.077685
1.700779 2.388401
0.399437 4.056832
1.684889 2.412456
2.197404 0.578466
1.29022 3.096888
1.882293 2.012638
0.974008 3.618707
1.594115 2.718187
0.891616 3.700698
1.678945 2.457401
1.236414 3.217153
1.241138 3.188252
1.54884 2.754902
0.982867 3.586106
1.264119 3.141242
1.904571 1.996615
1.214026 3.242396
1.656727 2.512425
0.909677 3.653691
1.661175 2.486166
0.906428 3.659786
2.030651 1.574314
1.557897 2.721114
1.90627 1.973219
1.008096 3.531714
1.191734 3.300084
1.639331 2.573589
2.009277 1.602996
1.635077 2.616998
1.604918 2.65208
1.168103 3.322138
1.609366 2.62259
1.030084 3.498414
1.966056 1.652771
1.954503 1.662027
1.92477 1.827289
1.050409 3.472951
1.915392 1.883579
1.12611 3.359282
1.945075 1.705345
1.952656 1.687737
1.950382 1.692103
1.120749 3.378246
1.096693 3.390771
1.918261 1.866064

1.880132 1.982224
1.860671 2.02308
1.609956 2.60234
1.856464 2.082987
1.60759 2.660053
1.921912 1.781009
1.663635 2.452072
0.852402 3.718887
2.225949 0.338599
2.221282 0.34151
1.928231 1.755585
0.894718 3.646172
0.899112 3.637378
1.830675 2.138957
1.682752 2.407323
0.960335 3.591465
1.683481 2.394588
0.778582 3.801961
1.825716 2.16725
2.220172 0.367124
1.816249 2.225077
1.702616 2.352651
0.166436 4.126432
1.710019 2.324405
0.751075 3.815552
1.747128 2.261175
1.574745 2.761722
2.218154 0.388797
0.721304 3.825916
1.573804 2.767718
2.089315 1.218028
0.17509 4.123998
1.956186 1.696241
2.066339 1.35732
2.112166 1.030965
2.060887 1.39423
2.192122 0.69409
2.085743 1.241954
2.200707 0.582675
2.096259 1.13715
2.201396 0.567461
0.182324 4.12046
2.098326 1.107392
2.104652 1.102591
1.427162 2.810275
2.216107 0.418001
0.187441 4.119709
0.686872 3.852084
0.199397 4.113692
2.129179 0.950182
1.534415 2.78346
0.37567 4.052807
2.20797 0.528175
0.390193 4.049765
2.208623 0.511916
2.187391 0.772939
2.186297 0.782566
2.056619 1.484744
2.168797 0.915233
0.398673 4.033623
1.48679 2.807204
2.185425 0.798718
2.179858 0.864386
0.41398 4.026199
1.388769 2.984662
0.269922 4.088561
1.411039 2.917828
1.008553 3.492857
1.960799 1.643741
2.175923 0.888219
0.637651 3.912742
2.048328 1.49183
1.422258 2.885415
1.422684 2.882746
1.967355 1.640117
2.03379 1.551182
1.016422 3.47769
2.039396 1.52245
0.609316 3.92383
0.564037 3.929672
1.247165 3.274864
1.024046 3.46558
1.360975 3.049826
1.316496 3.156295
1.292392 3.217059
1.337046 3.106157
0.557561 3.950371
1.266386 3.222955
1.345166 3.086279
1.347503 3.081268
1.045452 3.44929
0.512857 3.981396
1.202329 3.292391
0.517314 3.976289
1.076935 3.414823
1.176325 3.314215
1.170352 3.3214
1.140284 3.366479
2.074379 1.287523
1.995159 1.616239

2.029169 1.55506
2.029169 1.55506
0.718364 3.940174
1.383011 3.01484
1.347695 3.120329
0.76348 3.814581
0.76348 3.814581
0.831199 3.810625
0.831199 3.810625
0.935901 3.780004
1.340758 3.177125
1.658902 2.453162
1.661498 2.453127
1.513655 2.888447
1.747623 2.441815
1.521309 2.831677
1.781648 2.373578
1.03031 3.592134
1.965019 1.933272
1.045637 3.590981
1.9065 2.115342
1.056924 3.580341
1.075924 3.569925
1.890565 2.133819
1.234851 3.301391
1.952861 1.984385
1.910482 2.025905
1.100582 3.488277
1.94261 1.995206
1.787143 2.278564
1.942424 2.004421
1.942424 2.004421
1.942424 2.004421
1.942424 2.004421
1.797759 2.273994
1.570737 2.692517
1.570737 2.692517
1.570737 2.692517
1.570737 2.692517
1.570737 2.692517
1.570737 2.692517
1.570737 2.692517
1.570737 2.692517
1.111847 3.469089
1.800163 2.264905
1.124392 3.449179
1.124392 3.449179
1.159154 3.420516
1.130906 3.443777
1.143009 3.432729
1.143009 3.432729
1.199362 3.349374
1.175419 3.38419
1.175419 3.38419
1.810512 2.201773
1.810512 2.201773
1.810512 2.201773
1.810512 2.201773
1.810512 2.201773
1.810512 2.201773
1.810512 2.201773
1.810512 2.201773
1.175787 3.375912
1.179832 3.359513
1.179832 3.359513
0.831199 3.810625
1.124392 3.449179
1.175419 3.38419
0.999375 3.605655
0.76348 3.814581
1.189554 3.305031
1.151899 3.392618
0.766566 3.817667
0.765001 3.816102
0.771294 3.821989
1.152085 3.3455
1.658804 2.453063
2.028974 1.554865
1.570737 2.692517
0.664646 3.910489
1.004656 3.521999
1.764989 2.259651
1.08001 3.484882
1.919842 1.871531
1.873179 2.009936
1.101001 3.427017
1.390082 2.927833
1.336384 3.028844
2.029169 1.55506
1.566052 2.687832
1.810477 2.201738
1.152844 3.34529
1.659493 2.453752
1.340874 3.003845
0.766154 3.817255
2.030781 1.556673
0.755151 3.809258
1.571763 2.693543
1.811939 2.203199
1.810512 2.201773

2.026277 1.544538
2.026277 1.544538
2.026277 1.544538
0.936592 3.897787
1.040986 3.881027
1.062199 3.841486
1.958652 2.159168
1.176683 3.794621
1.901557 2.36872
1.442345 3.493965
1.76555 2.848316
1.368946 3.452527
0.984926 3.846257
1.883017 2.36284
2.000279 1.82478
1.867273 2.658796
1.34964 3.63496
2.14326 1.275931
1.303424 3.447027
0.890988 3.858624
1.879982 2.286411
1.935094 2.054106
1.955668 2.003791
0.908 3.76614
1.444755 2.9508
0.589889 3.911809
1.578094 2.740554
1.995824 1.82642
1.21402 3.495538
0.589889 3.911809
0.687595 3.905938
2.026206 1.544467
0.589889 3.911809
1.032989 3.660025
0.589889 3.911809
1.917454 2.202668
1.863985 2.307634
1.999877 1.781485
2.01986 1.743435
1.527831 2.949352
1.416174 3.113686
0.826328 3.905833
1.444755 2.9508
2.025155 1.73053
0.589889 3.911809
1.578094 2.740554
1.995824 1.82642
1.21402 3.495538
1.278142 3.332193
2.026368 1.54463
2.026277 1.544538
2.026368 1.54463
2.026368 1.54463
2.026246 1.544507
2.026368 1.54463
2.026368 1.54463
2.026368 1.54463
2.026368 1.54463
2.026368 1.54463
2.026368 1.54463
2.026368 1.54463
2.026282 1.544543
0.589889 3.911809
0.687595 3.905938
1.991391 1.897263
2.026368 1.54463
2.026352 1.544614
2.026206 1.544467
2.026368 1.54463
0.862207 3.713949
0.98774 3.585721
1.532262 2.75894
1.826639 2.21648
2.120288 1.164477
1.900936 2.022776
1.373696 3.019181
2.106397 1.251496
1.399669 2.944168
2.026368 1.54463
1.292971 3.277989
1.955252 1.900279
1.092441 3.487336
1.680157 2.478341
0.615606 3.905186
1.994089 1.71541
2.01291 1.633296
0.864327 3.693259
1.516994 2.76254
2.026998 1.545259
0.591012 3.911996
2.026382 1.544644
2.026408 1.544669
2.210596 0.615849
1.577796 2.671287
2.02676 1.545021
0.589605 3.910589
0.589889 3.911809
2.026126 1.544388
0.589411 3.913165
2.026688 1.54495

2.22796 0.465405
2.220449 0.479128
2.2173 0.493538
2.214179 0.507523
2.058312 1.379417
2.054222 1.409965
2.18457 0.82576
2.041087 1.49698
2.181111 0.845735
2.082839 1.244798
2.18898 0.692796
2.19905 0.646734
2.146079 0.929785
2.165528 0.892004
2.196675 0.670389
0.256761 4.105813
2.086454 1.208717
2.030406 1.547872
0.266415 4.101655
2.092947 1.178448
2.097354 1.102831
2.093181 1.146223
0.725015 3.830491
0.734218 3.826903
0.665419 3.897864
2.112251 1.025262
2.106364 1.037211
0.638222 3.92969
1.390687 2.946307
1.402084 2.900163
1.417982 2.853093
0.809123 3.792567
1.074545 3.440192
1.146552 3.402121
0.855351 3.778959
1.159969 3.390347
1.029038 3.464772
1.016844 3.482915
1.817049 2.196242
1.725083 2.285224
1.728604 2.259132
1.742597 2.250682
0.989595 3.542251
1.7122 2.361449
1.180002 3.350075
1.834912 2.155722
1.462367 2.835965
0.572904 3.930125
1.997152 1.617074
1.22365 3.331971
0.979423 3.569638
1.660338 2.45734
1.98889 1.626139
1.700265 2.387111
0.527102 3.967404
1.693054 2.426201
0.480723 4.016377
1.925583 1.813565
1.498347 2.825569
0.303415 4.098934
0.492191 3.979178
1.351724 3.027838
0.547672 3.954966
1.911782 1.874321
1.956981 1.65129
1.653279 2.510883
0.860085 3.730034
1.908261 1.891259
0.943121 3.610421
0.884985 3.679736
0.92596 3.626431
1.845145 2.09913
1.899468 1.937517
0.884647 3.711987
1.89596 1.956231
0.313458 4.098033
1.549868 2.761921
1.521688 2.790107
1.851372 2.084012
0.316504 4.096803
1.342901 3.050107
1.616941 2.569596
1.854186 2.056315
1.63362 2.568763
1.57364 2.729494
1.885868 2.025255
1.949275 1.706042
1.607806 2.643837
1.615735 2.621043
0.400106 4.04482
1.939299 1.731816
1.580009 2.685706
1.943107 1.730385
1.318899 3.054987
0.379307 4.071183
1.232646 3.23981
1.233157 3.23258
1.312729 3.134316
1.244589 3.18282
1.247342 3.175465

0.392041 4.062587
0.399509 4.036374
0.435197 4.031842
0.456271 4.005888
2.232427 0.422026
2.219968 0.441098
0.646578 3.885286
2.101035 1.115116
0.641596 3.915601
0.55099 3.948178
0.732439 3.835759
0.588781 3.923729
1.839358 2.161237
1.866945 2.064632
0.787558 3.777925
1.792347 2.248066
1.802847 2.215013
2.211339 0.479824
2.106458 1.046278
0.830003 3.733011
1.720886 2.277088
1.717042 2.291973
0.878462 3.713313
0.879268 3.712835
0.890925 3.70395
2.084305 1.270837
2.113003 1.007921
2.198588 0.51808
1.698733 2.359059
1.666049 2.476373
1.877974 1.976005
1.70201 2.351427
1.880517 1.973024
1.633542 2.5313
1.655192 2.497747
1.616099 2.584187
1.625229 2.552961
2.076753 1.281544
1.886368 1.956814
1.5885 2.67911
1.586553 2.685077
1.561585 2.755669
0.97589 3.594708
2.115118 0.981568
2.197729 0.551287
1.547666 2.778575
0.9828 3.572498
2.191723 0.641029
2.189052 0.68146
0.986587 3.560479
1.005955 3.520645
2.19666 0.6158
1.901651 1.883332
2.1861 0.729908
1.919383 1.869059
1.521604 2.783486
2.183874 0.762287
1.375695 3.020679
2.037606 1.570401
2.177483 0.8058
2.131165 0.932244
1.925102 1.784561
1.932247 1.760538
1.927891 1.782812
1.310381 3.061237
2.006869 1.577947
1.435408 2.815191
1.429322 2.820534
2.070481 1.335668
1.963903 1.656958
1.117782 3.38177
2.156245 0.901792
1.94752 1.7174
1.966377 1.619947
1.160801 3.344305
1.376749 2.980294
1.979243 1.613908
1.177299 3.323531
1.194448 3.279812
1.088924 3.410341
2.173782 0.867791
1.035955 3.460138
2.168213 0.868118
1.287848 3.092383
1.071872 3.423289
1.047414 3.439034
1.209174 3.25572
2.045426 1.498501
1.285646 3.107728
1.408482 2.933409
1.410229 2.92725
1.28295 3.126663
1.424371 2.877345
1.4197 2.910702
2.048617 1.457224
1.252944 3.177256
1.227842 3.214338
1.249333 3.206677
2.065515 1.372024
2.052451 1.418867

2.242369 0.53558
2.197719 0.582678
0.21498 4.121833
0.240723 4.117352
2.196065 0.65733
0.242404 4.10162
0.843127 3.70197
1.427916 2.807636
2.192592 0.70676
0.774885 3.806334
0.751283 3.811652
1.645144 2.500016
1.686489 2.475432
2.188136 0.735362
0.304352 4.093006
0.722378 3.845887
2.187832 0.766053
1.705548 2.364924
2.186492 0.781684
0.577689 3.95984
1.627619 2.56419
0.464007 4.002485
0.895809 3.653879
1.724032 2.362071
0.686326 3.870832
0.453153 4.0096
0.905817 3.650631
2.181573 0.90531
1.620454 2.585402
1.566079 2.793766
1.730191 2.27806
1.729077 2.330147
0.584093 3.934002
2.057961 1.52574
0.916442 3.626052
0.631955 3.890249
1.963718 1.634206
0.338823 4.077364
1.501287 2.801941
1.593028 2.759568
1.779262 2.257223
1.502725 2.79842
2.002454 1.60954
0.620225 3.907578
2.165904 0.948906
2.00774 1.598861
2.031163 1.537802
1.842834 2.153229
1.240983 3.239213
0.391374 4.030444
1.601626 2.614983
1.406093 2.942426
1.844083 2.091787
1.405827 2.970943
1.815024 2.219869
1.597483 2.74209
1.825726 2.153767
1.936826 1.707268
1.889168 1.917037
0.38303 4.050556
1.867511 2.048478
1.883874 1.972465
1.91813 1.828503
1.265978 3.138033
1.87161 2.040427
1.388109 2.978919
1.92423 1.778698
1.960667 1.70573
1.600406 2.655917
2.05839 1.41399
1.907338 1.856023
2.142588 0.97557
1.904534 1.876304
1.254348 3.16823
1.246446 3.174962
1.248213 3.173195
1.192536 3.314509
1.169946 3.346688
1.154886 3.3585
1.361505 3.00545
2.059016 1.383729
1.332892 3.031864
1.009478 3.477108
1.136369 3.379086
1.135627 3.435302
1.348046 3.014373
2.10405 1.142869
2.118522 1.000506
2.118455 1.001024
1.120926 3.455801
2.094388 1.178057
0.972135 3.558018
1.0257 3.468021
2.064243 1.372748
2.095194 1.161373
0.977822 3.550319
1.00327 3.505309
2.111644 1.028587
2.088877 1.21465
2.066729 1.346192

2.241356 0.478775
2.201707 0.482804
0.345245 4.064329
2.198781 0.529333
2.198434 0.535953
0.763186 3.820718
1.418394 2.877547
1.956641 1.695858
2.010081 1.619837
1.465645 2.842909
1.95594 1.736472
1.515951 2.830692
1.944372 1.746666
0.790681 3.782977
0.380161 4.040202
0.804171 3.763313
0.69826 3.850881
1.0869 3.439662
0.832419 3.748067
0.383105 4.031669
1.41189 2.935708
1.089867 3.415681
1.694064 2.450335
1.699261 2.398974
2.0907 1.267345
1.016276 3.484346
1.148324 3.384932
2.081192 1.289097
1.125189 3.398452
0.644914 3.896569
1.663779 2.485723
1.65746 2.493039
1.154692 3.33886
2.076417 1.333818
2.066291 1.39033
1.20558 3.250584
2.096824 1.188914
1.715502 2.314394
0.615338 3.938373
1.389437 2.964384
1.552599 2.747498
1.244408 3.233393
1.221927 3.242107
1.922997 1.833631
2.03802 1.543067
2.071932 1.358701
2.048935 1.522739
2.048485 1.526187
1.254972 3.170329
0.976425 3.549742
2.042336 1.529591
0.403103 4.028393
2.098301 1.147056
1.367494 3.003894
0.594632 3.942157
0.949143 3.572824
2.162909 0.887146
0.411865 4.019152
0.88756 3.665652
2.104251 1.109046
1.632175 2.554081
1.909452 1.861603
1.34108 3.046763
1.290238 3.135266
2.141249 0.949387
1.56538 2.708916
1.577624 2.706258
2.108556 1.088377
1.749838 2.291033
1.625569 2.654942
0.944398 3.608234
1.323975 3.063776
2.117023 1.003813
0.918795 3.640678
0.568616 3.947219
2.118985 0.972761
0.932131 3.611837
2.118437 0.981232
1.629329 2.601288
1.309727 3.095302
1.590578 2.668087
1.763113 2.277315
0.530747 3.949755
1.900013 1.917158
0.498624 3.969753
1.887616 1.94842
1.894147 1.929709
1.883055 1.994619
1.863452 2.059224
1.844022 2.119176
1.850046 2.082607
1.796947 2.246999
2.191231 0.670645
1.825562 2.221123
1.838073 2.149323
2.190865 0.683974
1.837619 2.193489
2.190245 0.698629
2.186489 0.761271
2.187121 0.751332

2.213066 0.912738
2.175815 1.821048
1.91971 2.519923
1.716407 2.537801
1.716407 2.537801
1.716407 2.537801
1.493664 3.071562
1.51506 3.038043
1.168805 3.336323
1.671125 2.770567
1.52344 2.924915
1.317668 3.252649
1.642605 2.881433
1.282168 3.328542
1.155998 3.510418
1.133409 3.544979
1.121947 3.554286
0.906909 3.71207
0.451917 4.036462
0.83761 3.855151
0.83761 3.855151
0.834489 3.866352
0.804768 3.877206
0.804768 3.877206
0.574013 3.935774
0.574013 3.935774
0.572572 3.940119
1.845641 2.285467
1.091364 3.545399
1.767378 2.507906
1.02725 3.481132
0.789109 3.777565
1.666622 2.528499
1.141614 3.350848
1.382983 3.01581
0.401187 4.034855
1.82764 2.159664
0.535792 3.950449
1.166932 3.33422
0.714387 3.893881
2.109604 1.216903
1.370481 3.075995
1.093082 3.395648
1.249636 3.291574
1.281542 3.327916
0.574013 3.935774
1.299498 3.201021
0.83761 3.855151
0.536162 3.950819
2.191896 0.726495
0.902849 3.70801
1.466359 2.910729
0.770814 3.910247
1.716385 2.523274
2.075065 1.641854
1.282168 3.328542
1.57753 2.79263
0.922267 3.666721
0.494383 4.004313
0.910402 3.691737
2.130633 0.998596
0.746716 3.823508
1.327994 3.139026
0.574604 3.936365
0.581567 3.943328
0.569398 3.931159
0.576321 3.938081
0.576045 3.937806
0.574013 3.935774
1.716407 2.537801
1.010111 3.503787
1.692665 2.457844
1.456521 2.900892
0.573484 3.935245
2.191181 0.725781
0.884859 3.700127
2.118193 1.090263
1.730207 2.423525
1.168805 3.336323
1.297814 3.199337
0.953139 3.626461
1.064633 3.433015
1.955492 1.789957
1.610078 2.648074
1.02725 3.481132
0.575805 3.937566
0.789109 3.777565
1.712682 2.534076
0.838791 3.856331
1.666622 2.528499
1.141614 3.350848
0.536162 3.950819
1.382983 3.01581
0.401187 4.034855
1.82764 2.159664
1.167857 3.335375
0.581567 3.943328
0.535792 3.950449
2.191896 0.726495
0.541208 3.955866

2.207 0.516998
2.197665 0.576211
0.278844 4.089133
2.194207 0.608986
0.311697 4.081071
1.583814 2.673117
1.600766 2.640602
1.615409 2.611673
0.330103 4.080815
1.548 2.76233
1.538675 2.794048
1.499611 2.82753
2.193209 0.678148
1.87809 1.98261
1.437787 2.837596
1.639195 2.542972
2.180886 0.787616
0.552189 3.93817
0.500904 3.975868
1.875086 1.995599
0.349428 4.063004
2.191121 0.689969
1.910052 1.928473
1.909848 1.928896
2.18753 0.716482
1.86581 2.047049
2.164895 0.869899
1.679414 2.507973
2.035081 1.545202
2.138291 0.904937
0.590928 3.932197
0.477057 4.004388
2.157881 0.892947
2.085414 1.267401
1.728733 2.264455
2.122802 0.942245
1.858934 2.138985
2.077486 1.278957
2.09148 1.197021
0.610913 3.91669
0.380431 4.054411
2.094421 1.142359
2.042979 1.48295
1.419483 2.881178
1.699255 2.438957
2.059451 1.40342
2.047423 1.4493
0.427476 4.052307
1.926886 1.813996
2.064808 1.383757
2.068939 1.368333
2.100726 1.127107
1.680477 2.451388
1.411837 2.898905
1.055808 3.439876
1.392534 3.009091
1.828326 2.17407
1.399315 2.965546
0.849887 3.716379
1.358556 3.066015
1.701046 2.383868
1.709613 2.350521
2.118689 1.024052
1.137619 3.399838
0.80515 3.777685
1.704222 2.362409
2.104023 1.074782
1.80249 2.212842
1.815384 2.195566
1.152687 3.385639
1.304673 3.074486
1.363348 3.029813
1.81325 2.203309
1.031096 3.474975
2.1079 1.051312
1.00552 3.513468
0.937792 3.675988
1.15269 3.36706
0.904166 3.698648
0.888405 3.699564
1.014027 3.491584
2.004673 1.624877
1.284511 3.110585
1.933943 1.774371
0.770854 3.821952
0.700419 3.878093
1.95628 1.656386
0.720717 3.871273
1.179057 3.305976
1.953575 1.762704
1.953274 1.76353
1.256967 3.164382
1.2425 3.185766
0.741235 3.839101
1.198347 3.287536
0.729408 3.850141
1.226667 3.220607
1.989398 1.639639
1.984454 1.646341
0.951988 3.624024

2.210319 0.517077
0.25614 4.128662
2.200588 0.590753
2.19688 0.608395
0.698368 3.92487
0.706306 3.853645
0.312258 4.114521
2.195026 0.663235
0.595048 3.931052
0.588439 3.936491
0.744765 3.805297
0.322226 4.107374
1.703985 2.371089
1.756301 2.278978
1.760706 2.278725
0.777885 3.77228
0.530422 3.984277
2.119599 0.936155
1.271799 3.115897
1.258192 3.155738
1.815226 2.232055
0.328086 4.087191
2.184198 0.837901
1.303864 3.113616
2.173063 0.875008
1.236023 3.20104
0.820688 3.750581
2.193352 0.715203
1.828543 2.211793
0.342329 4.072955
1.946712 1.775978
1.692394 2.445659
0.487017 3.999835
0.864835 3.722867
1.683153 2.452818
2.188032 0.785814
2.188607 0.766029
1.679051 2.491527
0.470435 4.005783
2.113593 0.989906
1.913164 1.862481
1.912636 1.864005
0.999679 3.566643
0.898567 3.684625
1.905014 1.888704
0.983853 3.590108
1.013597 3.497816
0.92201 3.639252
1.329712 3.066179
0.908026 3.672269
1.834298 2.149907
0.421221 4.054385
1.667796 2.539371
1.181936 3.304003
2.111239 1.023452
1.60604 2.629066
1.588769 2.637309
1.643106 2.549335
1.028428 3.467947
1.887355 1.9799
1.849066 2.08705
1.962302 1.712383
1.176737 3.322884
1.038672 3.457935
1.964311 1.695313
1.351048 3.020766
2.051322 1.499078
2.056056 1.425981
1.992988 1.63929
1.973727 1.657198
1.16693 3.335662
1.874756 2.010234
2.107761 1.072354
1.148941 3.381613
2.022257 1.593696
2.066272 1.386245
1.154383 3.365425
2.038799 1.519921
1.857284 2.051476
1.070226 3.420534
2.106597 1.093833
1.869212 2.04528
2.033548 1.541894
2.077624 1.362072
1.563893 2.709649
2.087184 1.327566
2.089575 1.288153
1.560781 2.715939
1.551596 2.729912
2.090085 1.249613
1.38185 2.968894
2.091594 1.187505
2.096543 1.168316
2.0952 1.170638
1.531047 2.815027
1.521586 2.815188
1.401074 2.932221
1.495544 2.845351
1.418942 2.929457
1.452719 2.87273

2.24857 0.410914
0.242311 4.108286
2.216823 0.470765
0.935001 3.601804
0.990857 3.530177
1.087868 3.480397
1.043085 3.484463
1.666767 2.468694
0.328507 4.079112
1.654595 2.507688
0.920311 3.645234
1.62489 2.544031
0.918356 3.672485
1.095882 3.394672
1.096817 3.39235
0.636154 3.910832
0.584538 3.938795
1.61919 2.581246
0.655999 3.88994
1.118158 3.370963
1.702846 2.349532
0.678874 3.873917
1.192588 3.320529
2.109647 1.085368
1.345439 3.021612
1.340696 3.067471
1.363483 3.001162
0.836294 3.739606
1.378583 2.984212
1.716713 2.331564
2.215122 0.551513
0.362422 4.075467
1.404469 2.949287
2.086334 1.194898
2.098227 1.148988
2.09227 1.149889
1.269994 3.168364
0.777704 3.816986
0.539432 3.981615
1.239118 3.235687
2.056841 1.437281
1.607155 2.652004
0.828625 3.758353
1.43106 2.814545
0.780704 3.807774
2.061031 1.419297
1.430598 2.820621
1.25936 3.187182
2.20947 0.561782
1.245509 3.211593
2.205289 0.56335
1.241703 3.212494
2.042235 1.550306
1.420492 2.877545
1.911655 1.842128
2.18266 0.81409
0.807454 3.774829
2.067449 1.339525
2.086262 1.268629
1.94229 1.725172
1.869179 2.024562
0.379572 4.070414
2.032481 1.553404
1.566813 2.766424
2.028149 1.55538
1.896691 1.935004
2.112587 0.998593
1.581024 2.679128
1.549597 2.783582
1.903746 1.915791
1.934212 1.803603
2.073503 1.317251
1.897846 1.915997
1.935135 1.764538
2.188649 0.705647
2.189959 0.705444
1.995896 1.604587
2.079658 1.310941
2.178879 0.864178
2.195514 0.677766
1.571169 2.712078
2.118926 0.964297
2.198541 0.625049
1.503822 2.787822
1.96578 1.666842
1.959712 1.680648
2.174875 0.900683
2.141273 0.934774
1.775371 2.308036
2.151855 0.91642
0.467989 3.993587
1.785028 2.297423
1.863772 2.088385
0.405684 4.046819
1.836653 2.13867
1.84964 2.101349
1.850464 2.096226
0.449168 4.036885
0.449999 4.021059
1.836534 2.217199

0.194242 4.125013
2.195836 0.656002
2.19447 0.65892
0.232067 4.11621
1.314354 3.106088
0.70344 3.907468
0.77988 3.792217
0.599 3.952253
0.625596 3.932464
0.672985 3.920349
0.566094 3.966168
1.248115 3.226489
1.886084 2.065688
1.886079 2.094119
0.485028 4.016811
0.820705 3.765956
1.32805 3.036258
0.834129 3.752551
0.450727 4.0335
2.193811 0.707459
2.033517 1.575243
0.880243 3.725997
0.905964 3.693055
1.875437 2.180176
0.285357 4.103774
1.890807 1.944843
1.235354 3.288649
2.042395 1.529444
2.05169 1.509057
2.051215 1.512831
2.19187 0.728377
1.982059 1.627842
1.671799 2.46865
1.339957 3.006321
1.010067 3.565187
1.679585 2.439019
2.180161 0.86706
1.053223 3.490236
1.966373 1.654597
0.297576 4.097028
0.944208 3.619619
0.981031 3.605826
1.690666 2.406633
0.972978 3.619069
1.066684 3.451633
2.172029 0.940866
1.082926 3.43849
2.190051 0.804342
0.305949 4.083754
1.657412 2.553881
2.103581 1.150487
1.210003 3.32451
2.095864 1.154029
0.35792 4.06878
1.943834 1.73085
1.105498 3.395872
0.348388 4.071462
1.201155 3.330959
1.117306 3.364198
1.832564 2.194383
2.11792 0.96496
1.904745 1.899848
2.106234 1.07356
2.139448 0.962562
1.356677 2.971271
1.718574 2.346838
2.117007 1.00299
1.909445 1.888546
1.916036 1.886284
2.115724 1.043952
2.084392 1.255843
2.07013 1.345547
1.627522 2.578688
2.091755 1.247503
1.931692 1.81155
1.936525 1.764214
2.082864 1.317321
1.935766 1.779777
2.073855 1.332279
2.077899 1.325527
1.797404 2.222523
1.407693 2.956398
1.611883 2.608642
1.728974 2.278037
1.6038 2.627674
1.734734 2.272883
1.782599 2.266087
1.592629 2.65127
1.77003 2.270677
1.409564 2.922117
1.570253 2.750885
1.547213 2.75918
1.580639 2.690778
1.41826 2.886129
1.43432 2.860753
1.44377 2.834391
1.529145 2.771567
1.503576 2.798607
1.878056 2.114112
1.214422 3.290823

2.199884 0.531673
0.213752 4.107083
0.216598 4.104289
1.941204 1.750321
0.223203 4.100524
1.959929 1.625934
2.026999 1.612923
2.197297 0.55621
0.248965 4.097365
2.036954 1.592854
2.196923 0.566395
1.914601 1.858843
1.913186 1.862472
1.904715 1.883754
2.04047 1.551993
1.887291 1.941475
2.195992 0.587699
2.183399 0.816475
2.184463 0.787154
0.854765 3.749719
0.846209 3.780051
0.340596 4.076542
0.81086 3.794983
0.818748 3.788014
0.422303 4.032718
1.544649 2.790711
1.867603 2.027753
0.39655 4.050197
1.860248 2.050188
0.72868 3.851226
2.190809 0.711365
0.91617 3.633442
2.09001 1.175653
1.847987 2.085391
2.053504 1.429818
1.482859 2.85152
2.073806 1.34034
2.072715 1.40746
2.167483 0.947307
0.949272 3.630584
2.065729 1.418995
2.192454 0.661165
1.706948 2.392921
0.961086 3.618678
2.191848 0.669676
1.554069 2.747987
1.453415 2.861737
1.69196 2.419497
1.713061 2.341703
0.661656 3.865653
2.086849 1.234741
1.428525 2.891049
2.077318 1.281196
1.680759 2.463759
2.156402 0.956736
2.117589 0.96489
2.08384 1.26221
2.097721 1.123304
0.478079 3.99214
1.567113 2.699167
1.726975 2.260302
1.267416 3.140965
1.304643 3.099327
1.585313 2.689357
0.978537 3.537282
1.416425 2.946296
1.259462 3.152493
1.667852 2.506828
1.356838 3.045485
1.053234 3.43745
1.833813 2.16664
1.333964 3.052935
2.112458 1.008777
2.104082 1.048647
2.109445 1.034935
1.004404 3.533039
1.393181 2.969299
1.031948 3.475097
1.079914 3.401896
1.597562 2.630075
1.637188 2.542473
1.384313 2.985473
1.753762 2.24381
0.643849 3.921529
1.026246 3.509437
0.641994 3.922335
1.822751 2.202686
0.619242 3.935587
1.238108 3.206098
1.631585 2.585378
1.614282 2.596323
1.133989 3.362369
0.515975 3.98049
1.78106 2.231569
1.238028 3.239642
1.800492 2.204971
1.177275 3.343672
0.540385 3.954463
1.207953 3.289329
0.54223 3.954214

2.109404 1.081326
2.202291 0.468172
2.168339 0.864742
2.114275 1.009941
0.380575 4.054207
2.181766 0.818185
2.109361 1.030915
2.182493 0.806398
2.19952 0.566731
1.650708 2.513414
2.108701 1.092265
2.108482 1.101733
2.197213 0.583916
1.642108 2.524932
0.40845 4.041388
1.894928 1.924775
1.912327 1.888551
2.19704 0.594882
1.628307 2.559807
1.914394 1.835812
2.196625 0.607078
2.190239 0.69442
1.873336 2.00437
1.704354 2.336993
1.612254 2.596812
2.194696 0.659561
2.030772 1.562266
2.014756 1.649848
1.862759 2.024529
2.050414 1.485844
2.02716 1.592223
1.932501 1.766028
1.611418 2.62049
1.716857 2.320407
1.946011 1.734194
1.951074 1.696537
1.719067 2.312749
0.44992 4.030212
2.09254 1.196331
1.851715 2.078601
1.424008 2.879791
1.977001 1.696073
1.429718 2.854501
0.450182 4.019241
1.851472 2.11368
2.052099 1.440167
1.076052 3.420652
1.734223 2.276175
2.086155 1.234534
1.573203 2.704214
0.856243 3.764704
1.052468 3.448077
1.550014 2.789666
1.236202 3.197084
1.399292 2.938453
0.880561 3.709647
1.518539 2.83236
1.465003 2.843171
1.571869 2.733993
1.769572 2.269092
1.83501 2.154588
2.059427 1.405093
1.562438 2.751865
2.080022 1.270912
0.825634 3.771812
1.396088 2.969989
1.014388 3.492181
1.823995 2.184004
2.07311 1.354198
1.217423 3.231249
2.07813 1.284323
0.815922 3.796606
2.067904 1.369295
1.803358 2.221875
1.123414 3.37674
0.518218 3.988343
0.798427 3.801276
1.211458 3.258877
1.204119 3.259584
0.755947 3.831481
0.722033 3.87415
0.926417 3.63326
0.550618 3.967746
1.180881 3.349509
0.576686 3.937855
0.640514 3.92285
0.674194 3.881531
0.934098 3.607983
1.294661 3.116074
0.937433 3.595384
0.60877 3.931362
0.650092 3.894796
1.154406 3.354729
0.984616 3.551541
0.979529 3.560977
1.359726 3.065369
0.972315 3.5736
1.321678 3.103912
1.348143 3.07315
1.348143 3.07315

2.068311 1.335595
2.054275 1.415394
2.048372 1.444582
2.046046 1.48406
2.221102 0.292874
2.086126 1.194352
1.35649 3.064435
1.324315 3.116091
2.217941 0.311276
0.396961 4.057571
2.011693 1.562525
1.372772 2.965202
1.375238 2.962229
2.213413 0.323543
2.090435 1.154668
1.904851 1.977801
1.694039 2.391845
2.213162 0.33421
1.722397 2.344908
1.924415 1.83901
1.260316 3.154402
1.858201 2.044436
1.934155 1.731213
1.889419 1.989492
1.870971 1.997271
2.21107 0.348029
1.771704 2.29949
1.948356 1.677534
1.257481 3.179275
1.683206 2.462353
1.976641 1.627572
1.954327 1.642344
1.789463 2.275334
1.931177 1.791651
1.932157 1.789081
1.652552 2.47008
1.817534 2.229281
2.198616 0.537936
1.847985 2.108724
1.41028 2.863749
1.420526 2.836468
1.41419 2.863269
2.200157 0.499962
1.235297 3.207898
1.560217 2.77693
1.821212 2.19195
1.539721 2.79475
2.205367 0.461278
2.196773 0.598518
1.830461 2.174759
2.097605 1.105867
1.636285 2.535531
2.191095 0.615601
1.505264 2.805372
0.715895 3.890625
1.568355 2.696966
1.620296 2.558851
1.223431 3.281234
2.100216 1.091254
1.582513 2.673003
1.610068 2.582471
0.873365 3.687168
2.171499 0.934459
2.189657 0.667943
0.726988 3.8452
0.922108 3.660896
0.918251 3.668925
0.895542 3.675106
1.585023 2.641827
2.115267 0.977278
1.197688 3.292069
2.103329 1.069793
0.668668 3.909798
0.814099 3.733624
1.17755 3.345247
0.959366 3.573067
0.743703 3.821162
2.186878 0.710308
1.149334 3.394733
2.175483 0.884877
1.157068 3.363079
2.181036 0.835394
2.179253 0.87629
2.107513 1.015676
2.184735 0.774176
2.186362 0.75079
0.624667 3.920201
0.764132 3.784686
0.769763 3.780006
1.082769 3.399086
0.996047 3.517447
1.026202 3.465293
1.051724 3.426286
1.010481 3.503615
1.00785 3.507444
0.450848 4.016132
0.452452 3.998573
0.546435 3.964065
0.469416 3.987199
0.54071 3.964451

1.194677 3.393806
2.234357 0.333325
0.192397 4.12175
1.28544 3.202336
2.068238 1.345218
1.150503 3.402319
2.061618 1.415998
2.213695 0.352242
2.082502 1.266224
1.115346 3.406441
2.084511 1.221067
1.715529 2.303193
2.11592 0.947727
1.848084 2.118655
1.066328 3.418479
1.801373 2.233792
2.045503 1.516828
1.773105 2.277894
1.798756 2.247961
2.165 0.914416
2.126163 0.926118
2.165031 0.89097
2.186595 0.828135
1.856588 2.083209
2.090189 1.169589
1.873889 2.068463
2.094359 1.15247
2.207454 0.386276
0.973919 3.586805
2.105258 1.089436
2.04295 1.560279
1.694378 2.383452
2.098452 1.106348
2.188351 0.719524
1.047125 3.456889
0.241193 4.116165
1.31207 3.149263
1.684709 2.408034
1.892922 2.0086
1.674746 2.448591
2.189662 0.686056
2.193207 0.670544
0.954972 3.642926
2.016441 1.564128
1.009804 3.504589
1.015864 3.494458
1.897063 1.981238
2.008084 1.630322
2.014816 1.574132
1.312666 3.135032
2.194129 0.628711
2.194841 0.610175
1.930273 1.78005
0.700231 3.873492
2.205862 0.419809
1.950563 1.703752
1.658291 2.506762
2.202936 0.424265
1.947885 1.712026
0.683784 3.884193
1.652235 2.511616
2.199945 0.524515
0.918256 3.651514
0.656434 3.90194
1.33073 3.122335
1.906016 1.890284
0.645632 3.910639
1.926947 1.826447
1.340237 3.116402
2.201046 0.479049
1.925705 1.853255
0.271092 4.106706
1.920564 1.85508
0.611399 3.93337
0.274779 4.104328
1.624602 2.598491
1.427134 2.812841
0.86511 3.702479
0.800466 3.780058
1.441435 2.81166
1.417117 2.940694
0.859567 3.716737
0.811926 3.77472
0.819727 3.771819
1.417514 2.876978
0.539335 3.963668
1.370713 3.017531
0.836829 3.733102
1.399586 2.944265
1.623739 2.625529
0.514146 3.974328
1.381561 2.991031
1.385732 2.960751
0.305829 4.083686
0.487199 3.989789
0.469433 4.001289
0.44825 4.019151
0.421394 4.059268
0.377379 4.075245
0.362375 4.075785

0.267824 4.163548
0.31794 4.125782
0.402732 4.092758
0.477563 4.064684
0.486204 4.06163
2.272854 0.380429
0.581542 4.003065
0.620593 3.987753
0.649344 3.980989
2.176303 0.853839
2.261144 0.402014
0.71576 3.917143
2.160278 0.923095
2.189249 0.729516
0.75057 3.883518
2.157994 0.961189
1.26603 3.203224
0.788387 3.859384
2.114393 0.968581
1.32967 3.101263
0.84231 3.810454
0.847903 3.795096
0.915436 3.721258
1.023923 3.651734
2.110782 0.996512
0.967623 3.673183
0.865603 3.765701
1.346471 3.062528
1.24426 3.245695
2.1988 0.666223
1.031546 3.62949
2.199841 0.664065
2.106119 1.08268
2.259105 0.435643
2.10092 1.122307
1.352441 3.033217
2.097948 1.174808
2.252809 0.43683
2.202857 0.6549
2.097763 1.190662
1.651503 2.555953
1.244221 3.273607
1.033353 3.582747
1.672102 2.481961
2.252584 0.455802
1.67472 2.481003
1.372436 2.999465
1.676663 2.438784
1.064853 3.540599
1.382717 2.971434
2.089244 1.258869
2.205798 0.595582
1.61082 2.613582
1.445028 2.905221
1.697566 2.396097
1.237731 3.321919
1.711748 2.372413
1.596159 2.638583
1.409764 2.946474
1.094986 3.491754
1.928673 1.755497
1.91226 1.839791
2.032573 1.573256
2.033028 1.553592
2.231032 0.545431
1.942171 1.750704
1.945106 1.748015
1.906331 1.864927
1.969315 1.659601
2.020878 1.608937
2.080875 1.328397
1.996853 1.631962
1.775383 2.306967
1.133352 3.455217
1.193732 3.335764
2.046123 1.493159
2.056728 1.427303
1.143778 3.437096
1.149909 3.436588
2.070455 1.392736
2.077984 1.358172
1.182013 3.360844
1.487721 2.829546
2.072667 1.374754
1.588034 2.703907
1.494621 2.825632
1.887809 1.934442
1.792207 2.272191
1.512879 2.79471
1.804161 2.265295
1.885306 1.955954
1.807669 2.237295
1.538254 2.758841
1.563348 2.724976
1.556285 2.739505
1.883916 1.981927
1.87267 2.007604
1.871139 2.055532
1.824853 2.183173
1.846327 2.135957

