1.077911 3.388879
1.08629 3.379038
1.144439 3.300928
0.10622 4.005333
0.117937 4.005018
1.183714 3.244381
1.194996 3.232748
1.00145 3.4839
1.836236 1.626998
1.234419 3.177485
0.150165 3.999994
2.003453 0.225032
2.003411 0.225108
0.736583 3.740023
2.003373 0.225496
2.003201 0.225556
1.243605 3.166605
1.819749 1.696806
1.998424 0.360784
0.714381 3.760503
1.274613 3.108319
1.251813 3.13787
1.845281 1.58072
0.981888 3.50431
1.816863 1.715135
1.901427 1.291785
2.003 0.261224
2.002299 0.268715
1.897432 1.315685
0.672125 3.785459
1.807832 1.753514
0.964494 3.521439
1.314591 3.035693
0.45414 3.91096
1.995775 0.437734
0.511385 3.885813
1.89366 1.354874
1.321906 3.02257
0.527629 3.875071
1.994733 0.443825
0.808467 3.68076
0.539432 3.865832
0.419748 3.924951
1.85707 1.525702
0.639694 3.805487
1.862087 1.51498
1.797051 1.799748
0.63361 3.811969
0.591755 3.835988
0.610155 3.82457
1.794779 1.814151
1.865892 1.489037
0.8269 3.661541
1.708511 2.111647
1.711385 2.10818
1.341967 2.9871
1.782279 1.846873
1.712805 2.104205
0.227361 3.986312
1.881732 1.405554
0.929806 3.563338
0.368619 3.944444
1.91862 1.198061
0.243104 3.982872
1.878835 1.421644
1.875709 1.430408
1.966644 0.813377
1.877469 1.429525
1.774885 1.875578
0.85056 3.642488
1.674033 2.230755
0.359619 3.950509
0.358993 3.951789
1.671207 2.231539
1.587189 2.467129
1.582304 2.471012
1.351894 2.967719
1.772472 1.887096
1.991784 0.498328
1.961957 0.85438
0.261372 3.980197
0.263198 3.978326
0.321206 3.960573
0.287196 3.971536
1.665599 2.23955
1.959891 0.864959
0.863923 3.624566
1.969018 0.777072
1.422862 2.839798
1.991259 0.516376
0.900439 3.590106
0.873437 3.615904
0.896351 3.596831
1.959375 0.888822
0.885124 3.603283
1.612373 2.40578
1.983649 0.606327
1.956666 0.902303
1.956622 0.904189
1.724803 2.055152

2.00561 0.213589
2.004253 0.21601
2.004072 0.221677
0.094242 4.002924
2.003224 0.251575
1.528403 2.603087
1.570093 2.500698
2.000023 0.354893
1.995554 0.411868
1.997935 0.38924
0.144772 3.999951
1.580812 2.477974
1.486418 2.70111
1.268607 3.110449
1.478325 2.71708
0.169975 3.993756
1.725552 2.050468
1.752103 1.961301
0.471643 3.897004
1.599964 2.429568
1.46454 2.746845
1.976554 0.698186
1.97314 0.734597
1.989312 0.524762
1.602423 2.418784
1.20486 3.209475
1.968792 0.780049
1.967554 0.79922
1.955251 0.90462
1.96285 0.835497
1.961504 0.864339
1.204357 3.215318
1.96226 0.854608
1.988345 0.539616
0.218032 3.983863
1.760741 1.933795
1.98227 0.648025
1.854488 1.538317
0.528695 3.867572
1.864127 1.490133
1.76221 1.929552
1.986713 0.568246
1.982484 0.619147
1.985375 0.581946
1.985129 0.588344
1.300432 3.056528
1.708983 2.106806
0.241378 3.983142
1.445338 2.789547
0.987642 3.492938
1.919541 1.181657
1.184687 3.239421
1.851448 1.563667
1.184538 3.240069
1.849788 1.567178
1.870089 1.456614
0.54055 3.863785
1.625724 2.361321
1.439756 2.802961
1.436981 2.808321
1.009467 3.467132
1.010695 3.46564
1.843293 1.592135
1.922587 1.1635
1.945772 0.987466
1.116236 3.334301
1.029743 3.443
1.909783 1.238765
1.908873 1.244247
0.550128 3.855797
1.411509 2.853104
1.876618 1.432835
1.705299 2.12383
1.091456 3.368142
1.772001 1.891104
1.153222 3.284728
1.162457 3.274334
1.05713 3.411857
1.158916 3.278117
1.943657 1.000584
0.952985 3.529574
1.632267 2.339561
1.082977 3.378217
1.075389 3.392386
1.079668 3.381425
0.568397 3.846949
1.634996 2.333179
1.927052 1.133647
1.830963 1.648973
0.278433 3.969392
1.639526 2.316268
1.398818 2.88086
1.397194 2.88242
1.828111 1.663076
0.931786 3.553327
0.931312 3.554423
1.779177 1.856973
1.824394 1.675759
1.695879 2.14689
1.820923 1.691748

1.851767 1.777302
1.860914 1.718538
1.81666 1.961509
2.016998 0.915237
1.8836 1.560543
2.095151 0.298216
1.894757 1.543607
1.89887 1.534835
2.09357 0.305995
1.929756 1.502927
1.945326 1.388775
2.092906 0.326875
1.643974 2.547294
1.587392 2.566682
1.589709 2.564736
1.61925 2.55801
1.558194 2.67546
1.335396 3.1569
1.545927 2.686912
1.54007 2.794067
1.94813 1.257194
1.33365 3.210047
1.955041 1.252242
1.955979 1.248761
1.677975 2.342527
2.087977 0.457501
2.026112 0.686697
1.409974 2.947317
1.414214 2.944482
1.416926 2.944202
1.459701 2.859484
1.992198 1.064472
1.992198 1.064472
1.992198 1.064472
2.086863 0.491753
2.085923 0.499581
1.431606 2.922065
2.026738 0.664505
1.432557 2.911091
1.448267 2.882035
1.446407 2.890538
1.991025 1.106597
1.9563 1.125405
1.9563 1.125405
1.966851 1.116119
2.084703 0.526308
1.678331 2.294019
1.6863 2.293852
1.687606 2.292322
2.027565 0.63841
1.243589 3.230316
2.081635 0.580399
2.081635 0.580399
1.242087 3.232151
1.240925 3.233244
2.029124 0.623861
2.029124 0.623861
2.037946 0.582256
1.187291 3.345791
1.73765 2.141902
1.187553 3.33709
1.711051 2.242872
1.717763 2.232088
1.192944 3.323285
1.720282 2.181995
2.029124 0.623861
1.720282 2.181995
1.410194 2.950646
2.081635 0.580399
1.907729 1.535495
1.907729 1.535495
1.907729 1.535495
1.186513 3.298265
1.196571 3.294048
2.088253 0.458026
2.088253 0.458026
1.587284 2.553469
1.806522 1.924341
1.861116 1.976737
1.861116 1.976737
1.861348 1.976472
1.709349 2.135606
1.480344 2.985496
1.94966 1.064064
1.855473 1.997491
1.545726 2.595717
1.899321 1.827807
2.02428 0.533688
2.069445 0.275269
1.948083 1.20022
1.832387 2.08833
1.67523 2.290774
2.058012 0.739273
2.013446 0.883333
1.880181 1.534549
1.9563 1.125405
1.226907 3.229585
1.409433 2.912068
1.431075 2.859479
1.190379 3.25185

1.183214 3.256248
1.282623 3.099378
1.885028 1.423351
1.143079 3.312472
1.861718 1.530195
1.804962 1.779045
1.545139 2.579429
1.553469 2.562437
1.560916 2.54283
1.851896 1.574499
1.306384 3.058677
1.851754 1.580343
1.850326 1.585137
1.822556 1.708997
1.894257 1.364641
0.327149 3.962512
1.827292 1.691192
1.825798 1.697235
1.825906 1.69636
1.313526 3.053167
1.485317 2.715843
1.995759 0.518001
1.997619 0.483285
1.574751 2.50791
1.663959 2.269029
0.960315 3.535891
1.648511 2.312236
1.675851 2.231365
1.580676 2.493852
1.686934 2.198854
1.637193 2.340795
0.942213 3.559279
1.621749 2.388052
0.264381 3.978604
1.633193 2.354356
1.019797 3.470621
1.610301 2.420118
0.399894 3.939798
1.599983 2.44537
1.898634 1.336444
1.477918 2.733657
0.108667 4.008442
0.409777 3.933039
1.473639 2.742207
0.920309 3.577058
0.414886 3.930974
0.11432 4.00813
1.901825 1.320091
1.774201 1.904859
0.421413 3.92821
1.098939 3.374017
1.337135 3.008646
1.044443 3.438865
0.909784 3.587773
0.855309 3.639815
0.908854 3.593493
0.239942 3.98641
1.704962 2.144049
1.70527 2.142222
0.881884 3.619788
1.054554 3.427451
1.090123 3.384132
0.826644 3.67088
1.46633 2.760987
1.086307 3.387546
1.068358 3.411755
1.711107 2.123273
0.129426 4.005361
1.073404 3.399675
0.484576 3.899494
1.769713 1.919466
0.224252 3.988985
0.815131 3.676375
1.937359 1.111838
1.942806 1.072671
0.5092 3.88677
1.999973 0.42514
1.716931 2.101212
1.911685 1.27846
1.768513 1.924639
1.457186 2.785502
1.356384 2.970822
2.005496 0.310085
1.359891 2.968416
1.989861 0.599644
0.802212 3.685882
1.945653 1.048059
1.365759 2.953585
1.933673 1.147241
1.933036 1.148391
2.001236 0.412263
1.948128 1.025321
0.531044 3.87644
1.765994 1.936316
1.949828 1.023903
1.913978 1.255656
0.532589 3.875938
1.432735 2.827792
1.377004 2.936541
1.428326 2.835414

0.184783 3.994271
0.271658 3.975765
1.442142 2.798531
1.433496 2.819771
1.460547 2.760024
0.338681 3.953995
0.345327 3.952263
1.384126 2.919719
0.377188 3.940704
0.390337 3.93592
1.499448 2.675409
1.363124 2.952376
1.937821 1.061849
1.935464 1.076082
0.84037 3.647793
1.630186 2.356574
0.830644 3.656386
1.180638 3.251264
1.182738 3.245556
1.622971 2.376366
1.131882 3.321997
0.513145 3.878923
1.831819 1.656123
0.519005 3.877227
1.11574 3.344507
0.912655 3.57859
1.81274 1.741252
1.616395 2.388429
1.104484 3.354757
1.83351 1.641922
1.102428 3.358554
1.81144 1.747221
1.844602 1.603378
1.807627 1.761409
1.837451 1.624415
1.337421 3.000813
1.949703 0.969643
1.336191 3.001173
1.214606 3.198952
1.531842 2.600547
1.611979 2.404451
0.530334 3.872229
1.068465 3.403537
1.062691 3.408386
0.802129 3.67955
0.801543 3.681811
1.985196 0.613588
1.668192 2.241767
1.981146 0.679088
1.979012 0.69633
1.978813 0.698137
1.228488 3.182521
1.978021 0.709772
1.976274 0.729304
1.856675 1.534362
1.229585 3.180732
1.96958 0.788124
1.952495 0.945367
1.860024 1.53052
1.924645 1.170758
1.967426 0.817162
1.953682 0.93667
1.539579 2.582308
1.863528 1.511733
1.922561 1.17594
1.905566 1.274883
1.920742 1.18318
1.591004 2.452894
1.915174 1.21414
1.906213 1.270958
1.964955 0.837971
1.919852 1.191796
1.305158 3.056516
1.910723 1.250431
1.957837 0.911669
1.963766 0.848103
1.958037 0.900921
1.258837 3.133272
1.585427 2.466999
1.997139 0.428721
1.960123 0.874189
1.867631 1.479339
1.786823 1.837732
1.996653 0.456902
1.021213 3.461874
0.752278 3.721688
1.786141 1.843707
1.676288 2.219023
1.999021 0.38661
1.291744 3.078915
1.894792 1.347385
1.783255 1.850463
2.006966 0.220103
1.894684 1.349568
1.988827 0.561885
2.005765 0.220391
1.871922 1.457354
1.279648 3.102453
1.279648 3.102453
1.573954 2.500566

1.8144 1.728912
1.815011 1.723034
0.918894 3.566529
0.921618 3.565355
1.965819 0.792933
1.187285 3.242052
1.241681 3.157643
1.164589 3.267294
1.248714 3.1423
1.981319 0.620383
2.00326 0.219293
0.493155 3.886031
0.527115 3.868418
0.971481 3.511124
0.112486 4.00109
2.002644 0.226241
1.982884 0.610918
0.434066 3.915215
0.42743 3.916832
1.983112 0.606322
1.268083 3.111391
2.001794 0.231575
1.56984 2.506424
1.841227 1.604629
2.001624 0.23258
1.997974 0.351893
1.139969 3.301545
1.962355 0.829006
1.677343 2.204232
0.98361 3.499888
1.465733 2.741805
1.279283 3.099474
1.42969 2.814785
0.569369 3.845112
1.842753 1.594903
0.394259 3.933208
1.774905 1.873244
1.13786 3.310875
1.690841 2.163707
1.597427 2.430486
1.997817 0.416471
0.678039 3.777107
1.599027 2.426677
0.374061 3.941099
1.984367 0.58489
0.372145 3.941111
1.993736 0.430212
0.665715 3.783001
1.92424 1.137247
0.703725 3.756485
1.846087 1.578837
0.128627 3.999281
1.697111 2.144056
0.636181 3.804465
0.843317 3.639874
1.93539 1.069238
0.131489 3.998924
2.000765 0.273405
1.849099 1.567057
1.999198 0.313013
1.604871 2.410818
0.594141 3.830993
0.616013 3.820009
0.601714 3.828414
1.992308 0.458749
1.999777 0.294304
1.417344 2.842501
1.477662 2.724093
1.702471 2.12744
0.309344 3.960767
1.11448 3.336481
1.921144 1.153049
1.113424 3.339097
1.303493 3.055393
1.306452 3.05338
1.610261 2.394479
1.552617 2.545941
1.412302 2.854553
1.921098 1.160779
1.992021 0.484282
1.325606 3.015648
1.327802 3.014321
1.857661 1.530868
1.02715 3.453138
1.48406 2.706711
1.655807 2.274416
1.653709 2.274795
1.86035 1.509049
1.345755 2.978375
1.081255 3.382704
1.400933 2.875835
1.939882 1.03006
0.283342 3.967817
1.354075 2.968816
1.989834 0.505444
1.988206 0.525438
1.651389 2.281843
1.768796 1.900186
1.989296 0.515505
1.065692 3.39893

0.669872 3.784146
2.00579 0.19786
2.004707 0.198303
2.004372 0.199983
0.157928 4.000886
0.793253 3.694331
1.983167 0.626259
0.177896 3.99623
0.955282 3.533013
2.003113 0.300363
0.83835 3.647869
1.962849 0.854404
1.03515 3.443024
1.037697 3.442788
0.84532 3.645215
1.038768 3.43904
0.924731 3.565157
1.992147 0.506742
0.853123 3.638
1.13118 3.319625
1.979135 0.709397
1.068247 3.404211
1.084629 3.382557
0.866269 3.624473
1.95699 0.897722
1.164645 3.272669
1.976644 0.717104
1.122837 3.331694
1.121611 3.333249
0.90614 3.586087
1.968842 0.788999
1.976614 0.719532
0.895945 3.596342
1.975332 0.731529
0.583024 3.845
1.975066 0.753386
1.329274 3.01532
1.669236 2.238818
1.766132 1.919735
0.57527 3.84548
1.682537 2.199891
1.762596 1.928307
1.320021 3.029499
1.684409 2.190523
1.313987 3.04019
1.518229 2.638315
1.953871 0.930514
1.688776 2.179698
1.760606 1.938847
1.504211 2.672593
1.656841 2.278931
1.65056 2.292206
1.530516 2.607799
2.001602 0.369092
0.556812 3.85607
1.703465 2.128428
1.296812 3.072554
1.201733 3.219355
1.999764 0.376
0.547466 3.862489
0.534872 3.870164
1.951036 0.955047
0.475717 3.901409
1.994735 0.462461
1.541056 2.578107
1.363069 2.952788
0.4515 3.910127
0.46309 3.907
0.505757 3.885831
1.918903 1.197355
1.925538 1.158243
1.925865 1.147727
0.26044 3.980184
1.787227 1.833446
1.85526 1.553139
1.926932 1.139976
1.635378 2.338585
1.928403 1.128887
1.548852 2.561728
1.864129 1.50544
1.995343 0.451094
1.578321 2.490973
1.852068 1.575952
1.849215 1.578846
1.570522 2.512355
1.870356 1.465814
1.999289 0.40914
1.552676 2.554508
1.948446 0.983571
1.865441 1.493855
1.748019 1.985513
1.868563 1.490623
1.874442 1.439092
1.557328 2.542295
1.995794 0.440963
1.630633 2.351733
1.88736 1.38853
1.997736 0.420098
1.912499 1.254089
1.719377 2.084178

0.777573 3.698994
0.900815 3.590393
0.98038 3.501819
1.00731 3.469343
1.033413 3.438486
1.075918 3.389064
1.053232 3.415329
1.062993 3.405565
1.175781 3.253381
1.95471 0.922069
1.420593 2.839571
1.912146 1.228372
1.986898 0.567014
1.917087 1.186839
1.406742 2.867052
2.004314 0.23338
1.984907 0.577327
1.605865 2.407817
1.96096 0.872702
2.003084 0.235332
1.613517 2.385811
1.904006 1.275845
1.620659 2.369295
1.725402 2.048067
0.487443 3.890513
1.453772 2.776137
1.63282 2.339086
1.992843 0.472368
1.391921 2.898801
2.002862 0.241563
1.984453 0.606445
1.94266 1.011685
0.113898 4.000229
1.456413 2.764497
0.301008 3.964019
1.584831 2.473317
0.291262 3.968872
0.270386 3.972275
1.922185 1.148099
1.376816 2.919557
1.9422 1.021545
0.248479 3.978746
1.99385 0.449935
1.941018 1.024282
1.719016 2.071338
1.925265 1.141105
0.119586 4.000219
1.961968 0.84512
1.374936 2.933237
1.936902 1.048876
1.994828 0.439303
0.475265 3.895554
1.646983 2.296076
1.929006 1.118386
2.0022 0.264179
1.934932 1.067514
1.652804 2.282728
1.568527 2.506354
0.470826 3.89832
1.473416 2.729845
1.895958 1.318824
1.658583 2.259682
1.996445 0.408368
0.131442 3.998797
0.372931 3.941615
0.373992 3.938391
1.564008 2.524349
0.133721 3.998138
1.980591 0.648587
0.462374 3.903297
1.478741 2.711783
1.560477 2.533355
0.202447 3.987368
1.964125 0.822465
1.996456 0.387399
1.345391 2.984598
1.552083 2.542533
2.002195 0.298439
1.998098 0.361468
2.000849 0.302665
1.668722 2.233064
1.85991 1.509633
1.997888 0.371439
0.448649 3.90724
0.150608 3.997019
0.395146 3.930333
1.338885 2.989883
1.892766 1.335905
1.980328 0.667156
0.162565 3.995213
1.336674 2.995573
1.967002 0.808248
1.846404 1.575846
1.537954 2.578225
1.86072 1.501018
1.539688 2.572798
1.812292 1.732053
1.514037 2.633212
0.422069 3.91981
1.513401 2.643895

1.098176 3.35869
1.083615 3.381293
1.38323 2.914168
1.156569 3.282794
1.801609 1.770886
1.158819 3.275865
1.172945 3.255547
0.767058 3.711209
2.003311 0.201275
1.004998 3.472933
2.003172 0.206877
1.927614 1.122944
1.820957 1.690886
1.335404 2.996304
0.86571 3.619859
1.238484 3.159802
0.729439 3.736586
1.937305 1.062845
1.242474 3.15362
1.97443 0.749088
1.326312 3.013983
1.776442 1.869418
1.968692 0.770425
1.323506 3.023627
1.440832 2.795573
1.941234 1.028017
0.961224 3.52164
0.712292 3.753878
1.918828 1.186097
1.269805 3.108542
1.275675 3.096286
2.001577 0.258817
1.295739 3.066211
0.700433 3.759436
1.294977 3.069956
1.981771 0.641198
0.906077 3.583062
1.966546 0.809284
1.450609 2.778879
1.915655 1.208335
0.550366 3.85541
0.91566 3.573392
0.917869 3.568316
0.930414 3.554984
0.929806 3.55768
1.833095 1.631211
0.928178 3.559257
0.58722 3.836325
1.964267 0.825619
0.320854 3.957217
0.299327 3.963321
0.27293 3.970511
0.289125 3.966017
0.339965 3.951234
1.4556 2.764049
0.503292 3.885199
1.963145 0.831836
1.945963 0.975374
1.999972 0.291857
1.982496 0.614891
0.24639 3.978461
0.602022 3.825006
0.387645 3.93456
1.999865 0.29505
1.835861 1.618691
1.982676 0.610642
0.610549 3.820997
1.98924 0.527402
1.554575 2.545029
0.647189 3.797655
1.983837 0.60053
1.460762 2.75577
0.63247 3.80965
0.645312 3.798543
1.960407 0.867731
0.407483 3.927249
1.54701 2.564716
0.482886 3.89167
1.838478 1.609136
1.985292 0.585643
1.763507 1.916718
0.472225 3.898496
0.429681 3.91759
0.464553 3.901156
1.46678 2.741748
1.988415 0.550454
1.907943 1.240117
0.443137 3.911652
1.988299 0.555069
1.854002 1.53541
1.843396 1.594531
1.710176 2.103989
1.730706 2.032704
1.993406 0.461788
1.84703 1.574921
1.846868 1.579052
1.536581 2.585034
1.950068 0.95075
1.763388 1.924955
1.482414 2.710846

1.562011 2.548133
1.51444 2.662144
1.578465 2.508881
1.028427 3.463665
1.915492 1.258609
1.930452 1.181429
0.993919 3.502457
0.661081 3.799724
0.644864 3.818503
0.757667 3.734529
0.760633 3.730748
0.355695 3.958918
1.476274 2.742157
1.609303 2.425283
1.130509 3.333979
0.308829 3.97072
1.983729 0.700268
0.786697 3.713327
0.956738 3.544798
0.791526 3.703281
1.140953 3.326487
0.577858 3.859593
0.283429 3.983713
1.939246 1.10326
1.978723 0.773038
0.952647 3.552164
1.986887 0.674196
2.013586 0.211758
2.011292 0.212057
1.977331 0.781382
0.822865 3.682769
1.976754 0.785807
0.41077 3.93567
0.41669 3.935383
1.940911 1.090775
0.564301 3.862901
1.62276 2.392301
1.942048 1.086331
1.896841 1.3637
1.942399 1.082851
1.624137 2.388106
1.943324 1.064963
1.151744 3.307257
1.990508 0.624436
0.864134 3.634591
0.451604 3.920584
0.454025 3.91662
0.539389 3.875032
0.513613 3.888681
1.954783 0.980621
2.010865 0.230431
0.525842 3.881936
0.888947 3.612288
1.380216 2.945053
2.00997 0.234614
0.91052 3.591811
1.325719 3.034962
1.296223 3.087561
1.325659 3.03604
1.381195 2.939911
1.163021 3.288017
1.238589 3.183944
1.270659 3.12813
1.236498 3.185376
0.907698 3.594786
0.907152 3.595244
1.310128 3.065893
1.4568 2.784801
1.385289 2.92947
1.309455 3.07281
1.960736 0.934662
1.992197 0.598628
1.27785 3.116416
1.389177 2.9193
1.455562 2.788293
1.993419 0.593133
1.8932 1.385091
1.453955 2.792329
1.966526 0.877474
1.640534 2.349428
2.003555 0.405807
2.000105 0.476159
1.961796 0.92
1.892246 1.393291
1.9993 0.493837
1.443138 2.811134
2.002901 0.449246
1.964791 0.898352
2.009375 0.27226
1.996655 0.543763
1.963364 0.910654
1.644428 2.333604
1.205014 3.229048
1.963403 0.906923
2.00588 0.371449
1.997852 0.517845
1.645616 2.327656
2.00686 0.350415
1.996945 0.532007
2.008953 0.292448

0.644237 3.803594
0.241847 3.981381
0.600194 3.831756
0.581098 3.842864
0.722525 3.748685
0.265383 3.977178
1.774107 1.899893
0.530877 3.868141
1.973302 0.746898
2.002858 0.196251
1.646478 2.306984
1.785698 1.841176
1.009532 3.47496
1.975944 0.705948
1.974593 0.721005
1.686588 2.187717
1.975301 0.714336
1.758807 1.939793
1.642593 2.324096
1.787134 1.828332
1.983427 0.613585
1.984347 0.600629
1.987195 0.557733
1.991114 0.554617
1.75012 1.982216
1.627863 2.350126
1.92764 1.119146
1.048355 3.43086
1.795371 1.795021
0.974517 3.514805
2.002489 0.217358
1.053061 3.421648
0.966074 3.520141
0.771689 3.706462
1.693473 2.157135
1.622948 2.366346
1.905466 1.266119
0.472874 3.902736
1.904575 1.266578
1.577533 2.486511
1.570348 2.508737
0.467046 3.903514
1.959076 0.875361
1.595342 2.440299
1.904372 1.2748
1.929798 1.097879
1.557114 2.534554
1.958832 0.879827
1.08084 3.388276
1.202106 3.215464
0.78142 3.699019
1.612556 2.397377
1.60969 2.405537
1.085274 3.381442
1.545634 2.56297
1.932028 1.089822
1.54017 2.580888
1.956278 0.889088
1.702968 2.134132
2.002415 0.236884
0.787777 3.693415
2.001885 0.239914
1.731977 2.026113
1.17784 3.249102
1.524065 2.616024
0.336059 3.956682
1.176351 3.257782
1.705544 2.117078
1.235776 3.165281
1.991986 0.469281
1.469759 2.746825
2.001321 0.25815
1.236977 3.16339
1.162498 3.272884
1.493144 2.694838
1.518038 2.637693
1.898577 1.304515
1.726241 2.045525
1.473607 2.732845
1.486464 2.697299
1.115544 3.338971
1.511542 2.643763
1.994073 0.46402
1.477601 2.72119
1.124356 3.328645
0.347054 3.95274
1.934708 1.064442
1.14452 3.301642
1.999749 0.305552
1.139761 3.303135
1.955416 0.921057
0.352964 3.951014
1.711298 2.095818
1.81279 1.725774
0.413317 3.929654
1.814745 1.722806
1.434468 2.806589
1.994417 0.446959
1.817855 1.713419
1.723895 2.067489

2.005015 0.214125
1.216647 3.1962
1.343487 2.983205
1.161755 3.273478
1.406717 2.868743
1.808906 1.748356
1.409767 2.860752
1.152907 3.284473
1.317863 3.028297
1.253125 3.138473
0.502326 3.886033
0.248286 3.979178
0.407933 3.924918
1.718459 2.073114
1.284462 3.086831
1.286884 3.082241
1.293552 3.071982
1.293218 3.07237
0.389471 3.932294
0.267657 3.974559
0.540473 3.864501
1.984193 0.596946
0.818687 3.66339
1.706934 2.12423
2.000038 0.296808
0.281248 3.970212
1.11958 3.335464
1.701169 2.12929
1.783841 1.839717
0.292502 3.967234
1.959641 0.866052
1.831706 1.64265
0.298436 3.966655
1.749388 1.968064
1.869879 1.471605
0.329592 3.955194
1.960878 0.85095
1.977746 0.66498
0.318823 3.959805
1.441575 2.796861
1.78104 1.857584
1.99994 0.315013
1.618534 2.370637
1.865565 1.484645
1.954523 0.92866
1.646564 2.301429
1.954187 0.929294
1.833587 1.634568
1.951642 0.93458
1.976987 0.681269
1.986827 0.552548
1.950296 0.958093
0.580215 3.840767
1.920258 1.189215
1.910258 1.233371
0.768538 3.709386
1.886274 1.372461
1.836823 1.627818
1.775845 1.873395
1.943525 1.017132
1.651505 2.28826
1.998826 0.331106
1.968719 0.783233
0.759647 3.713867
1.940515 1.035955
1.757674 1.942254
1.758693 1.942168
0.873145 3.614477
1.891265 1.361666
1.689667 2.168147
1.860308 1.508824
1.688657 2.17044
1.655204 2.277703
1.688501 2.179382
0.751337 3.719534
1.55839 2.53718
1.761656 1.925734
1.841781 1.60373
1.771852 1.895726
1.974699 0.719052
1.857783 1.516228
1.55226 2.551564
0.599506 3.830017
1.936271 1.057558
1.550605 2.552884
1.766382 1.908253
1.857291 1.518775
1.564661 2.51613
1.657675 2.26382
1.663827 2.241838
1.662594 2.255373
0.604913 3.825679
1.456339 2.766432
1.922322 1.147393
1.970569 0.757113
1.892368 1.335461
0.674129 3.777775
1.540985 2.573994
1.989263 0.528742
1.972666 0.734842

0.115466 4.001397
0.13906 3.998555
0.162757 3.995099
0.361797 3.944808
0.407245 3.927314
0.43074 3.91932
0.207192 3.987623
1.159015 3.27733
1.188026 3.236668
0.219013 3.987154
0.223813 3.98536
2.005359 0.198133
2.004762 0.198314
1.854484 1.553538
1.107258 3.345674
0.49721 3.886536
1.222253 3.183923
1.231581 3.170235
2.003716 0.231594
2.003599 0.240044
1.370351 2.935354
1.979964 0.677891
1.320295 3.022608
1.277089 3.103899
1.319111 3.034079
1.866775 1.473872
1.394299 2.891441
1.984304 0.592937
1.292496 3.076502
1.829484 1.659483
1.299258 3.061294
1.296662 3.06676
1.930397 1.110652
1.929695 1.125754
1.926049 1.14863
1.935597 1.064816
1.986293 0.574882
0.90128 3.587601
1.828149 1.668704
2.000717 0.30711
1.067907 3.399663
1.973521 0.727765
1.405783 2.869849
0.76676 3.710319
0.880642 3.607554
0.566762 3.847343
1.91789 1.18529
1.409347 2.861835
1.973014 0.735914
1.41368 2.854808
1.061776 3.408172
2.000023 0.348504
1.987335 0.551288
1.914533 1.228289
1.058482 3.414295
1.595502 2.437126
1.909997 1.23647
1.821963 1.696114
1.821799 1.697049
1.600118 2.426122
0.706283 3.756208
1.82012 1.70066
0.848468 3.639003
1.436349 2.808111
1.437747 2.800838
1.607672 2.404438
1.944344 0.993637
1.874091 1.437991
1.802013 1.77838
0.584382 3.840851
1.989017 0.528182
1.568173 2.50541
1.808696 1.749422
0.801104 3.680212
0.586069 3.837864
1.906 1.266744
1.998231 0.380012
1.972308 0.763406
0.821447 3.661834
0.811021 3.671328
1.945805 0.981747
1.616853 2.384954
0.817663 3.665072
0.817013 3.665936
1.617661 2.383241
1.794408 1.805477
1.034088 3.442623
1.948198 0.977863
1.465301 2.7498
1.560999 2.530905
1.9908 0.502535
1.991296 0.494162
1.901115 1.290954
1.75527 1.959444
1.741486 1.999299
1.555661 2.540346
1.951531 0.963874
1.99815 0.400074
1.469942 2.741545
1.993263 0.455415

0.679641 3.778194
0.690049 3.7668
1.404533 2.873286
0.154615 3.997983
1.891635 1.350422
0.782236 3.698
0.172707 3.995794
0.576228 3.846014
1.355497 2.963399
0.182447 3.992118
0.817432 3.677558
0.87386 3.619787
1.899781 1.318364
0.851199 3.634327
0.819918 3.664929
0.828578 3.655574
1.986166 0.57526
0.540603 3.863502
0.537523 3.867326
1.987438 0.558949
1.849159 1.568717
1.992204 0.53971
2.004008 0.199069
2.004005 0.200288
2.003871 0.211474
1.451644 2.791203
0.960477 3.528452
0.251935 3.983863
1.903704 1.275899
0.252788 3.980099
1.979886 0.685897
1.905691 1.273877
1.977316 0.688819
1.791392 1.823989
1.906766 1.267996
1.791579 1.819021
1.992883 0.474315
1.791904 1.814948
1.32557 3.02743
1.975133 0.713425
1.452312 2.77327
1.912153 1.223123
1.254391 3.137921
1.973804 0.742584
1.640984 2.31575
1.460329 2.760469
0.472589 3.899264
1.841822 1.606986
1.654647 2.272899
1.468446 2.743047
1.995427 0.430996
1.756538 1.951874
1.722562 2.069954
1.105697 3.359842
1.095027 3.367748
2.002935 0.274144
1.838818 1.615624
1.214845 3.19987
1.306173 3.051608
1.755256 1.956222
1.807512 1.765172
1.069644 3.397232
1.967478 0.795163
1.069346 3.399828
1.97026 0.787106
1.716543 2.085316
1.753971 1.962878
1.75253 1.963136
1.969709 0.789052
1.28174 3.094011
0.323109 3.956631
1.482687 2.715964
1.731375 2.031071
1.745388 1.992896
1.301077 3.062557
1.962594 0.85018
1.708463 2.11148
2.001536 0.300318
1.290571 3.079734
1.742124 2.012629
1.294833 3.065991
1.207365 3.210208
1.83538 1.632111
1.294093 3.071058
1.924086 1.140716
1.961545 0.863128
1.207257 3.211926
1.996597 0.40628
1.811579 1.734998
1.622067 2.369647
1.8155 1.719204
1.505273 2.66206
1.500393 2.674525
1.500815 2.674228
0.440199 3.915186
1.515371 2.643115
1.832805 1.647172
1.819833 1.712128
0.99634 3.48465
1.665298 2.246163

1.996361 0.483617
1.902242 1.310104
1.905727 1.303417
1.910561 1.264752
1.984313 0.664981
1.983367 0.672098
1.915686 1.233731
2.00816 0.202242
0.51507 3.883185
0.507875 3.886317
2.007803 0.208327
0.483797 3.898867
0.460255 3.909238
1.999581 0.431942
0.579527 3.848473
1.799356 1.810656
0.737418 3.738977
1.556828 2.551585
1.873361 1.466122
1.928836 1.149106
2.007542 0.229761
1.544765 2.577593
1.978843 0.724968
1.929495 1.139545
0.625017 3.817726
0.628916 3.815542
0.822727 3.667157
0.823582 3.666993
1.528978 2.612743
1.935273 1.11261
1.760623 1.955546
1.977511 0.738987
0.694831 3.771647
0.698004 3.770349
0.702734 3.765767
1.870712 1.48549
0.701871 3.767559
2.001096 0.400203
1.806126 1.779493
2.006479 0.25183
1.937261 1.092892
1.397202 2.896144
1.758647 1.960785
1.390696 2.911586
1.407576 2.872493
1.757206 1.965262
1.585626 2.477337
1.969772 0.822719
2.001783 0.385863
2.002759 0.385616
1.18995 3.244006
0.356661 3.952245
1.867529 1.502687
1.588749 2.472555
1.96267 0.900951
2.005626 0.283314
1.962345 0.906715
1.196839 3.231172
1.365176 2.960448
1.423123 2.844444
1.517192 2.645529
1.971658 0.79688
1.943298 1.043769
1.430148 2.835866
1.591343 2.463382
1.956972 0.937248
1.974758 0.783463
2.003644 0.340538
1.973232 0.786048
1.954167 0.94776
2.004363 0.323925
1.052273 3.426211
1.511598 2.656996
1.94694 1.020317
1.043671 3.436752
0.343171 3.95656
1.952968 0.987356
1.94894 0.997404
0.340943 3.957526
1.861262 1.523336
1.72232 2.085703
1.723671 2.077137
1.156363 3.293495
1.346597 2.990545
1.841592 1.618056
1.860445 1.535799
1.744846 2.00873
1.845196 1.602456
1.49884 2.689337
1.849873 1.590708
1.460417 2.775347
1.151436 3.297554
1.081335 3.390018
1.488437 2.707276
1.855203 1.557817
1.707139 2.133742
1.730407 2.058256
0.100718 4.007707
1.740945 2.020791
1.462741 2.767407

2.009829 0.226919
0.151196 4.002593
0.602226 3.83371
0.588265 3.840747
2.006883 0.267003
0.646038 3.809605
0.516038 3.879195
1.491872 2.700245
0.20942 3.99314
0.502279 3.887076
1.957814 0.914826
0.721041 3.7522
1.946569 1.047876
1.961612 0.887208
1.694178 2.183222
1.70019 2.156146
1.963533 0.874307
1.107513 3.35687
1.446001 2.793028
1.964586 0.871035
0.234271 3.985684
2.002944 0.338501
1.965801 0.854507
1.669176 2.250485
1.522079 2.635683
1.707768 2.125733
1.709149 2.122704
1.939623 1.072037
1.443451 2.805056
1.443042 2.807148
1.123899 3.338267
1.439419 2.8101
1.714455 2.107368
1.975551 0.763677
1.974671 0.768676
1.974189 0.780439
1.129931 3.326592
1.424617 2.844299
0.764469 3.717369
1.982075 0.690772
1.860664 1.530626
1.863299 1.519496
2.001897 0.363711
1.871051 1.502891
1.561194 2.53527
1.658879 2.274098
1.405321 2.883232
1.40618 2.881547
1.859899 1.544155
1.982161 0.681928
1.530709 2.606014
1.874123 1.471965
1.375606 2.930249
1.853934 1.559603
0.440312 3.916248
1.982917 0.663852
1.534645 2.602679
1.558183 2.544274
1.73552 2.043188
1.05352 3.424619
1.539858 2.593643
2.000762 0.383269
1.738334 2.024
1.549352 2.565201
1.547471 2.569372
1.906608 1.284761
1.914888 1.23292
1.91575 1.229798
2.000233 0.39869
1.788965 1.838073
1.30966 3.057129
0.781251 3.700753
1.792089 1.82839
1.938882 1.102741
1.918373 1.208022
1.60501 2.426868
1.919172 1.204424
1.901056 1.310205
1.324671 3.030272
1.987097 0.623243
0.785753 3.698925
1.887999 1.391048
1.895451 1.35233
0.83632 3.655786
0.78964 3.697302
1.889964 1.378394
1.888099 1.38877
1.898776 1.325458
1.650376 2.299744
1.999382 0.420119
1.775338 1.893195
0.285563 3.972338
1.774285 1.893494
1.888679 1.383529
1.160465 3.284561
1.799354 1.802262
0.799417 3.684246
1.998251 0.459902
0.817914 3.670064
1.999198 0.437425

1.037358 3.438621
1.019913 3.458366
0.12207 4.002569
1.07465 3.389853
1.818725 1.704472
1.127242 3.319804
1.782392 1.846746
1.827938 1.662602
1.156076 3.279869
1.16336 3.271436
1.976043 0.716342
1.57786 2.485702
1.830117 1.650141
0.889712 3.597834
1.773254 1.887167
1.884446 1.38043
2.00377 0.200064
2.003715 0.20089
2.003642 0.203888
0.214125 3.98777
1.711044 2.100229
1.881812 1.40823
1.713513 2.091214
1.933404 1.093342
0.55779 3.853339
2.003278 0.22292
1.545588 2.56682
1.983044 0.645505
0.229156 3.985179
1.595156 2.439829
1.899778 1.297454
1.901751 1.294038
1.595444 2.436043
0.236348 3.983512
1.983542 0.639198
1.727047 2.053323
1.763013 1.916753
1.935169 1.072977
1.914924 1.214277
1.914191 1.217265
1.91167 1.236449
1.909957 1.237469
1.910477 1.237025
1.872607 1.443852
0.577553 3.840644
1.935781 1.06427
1.936244 1.064119
0.254911 3.976114
0.473369 3.896462
1.731245 2.039984
1.207699 3.21116
1.677189 2.206218
1.938555 1.056343
0.471649 3.898658
0.864629 3.61893
1.760029 1.932256
1.677103 2.209574
1.675229 2.210345
1.208077 3.204837
1.843345 1.587551
1.376201 2.92655
1.672443 2.226276
1.606835 2.408121
0.717156 3.749076
1.390448 2.896255
1.87125 1.4611
1.392478 2.891955
1.216732 3.191932
1.968773 0.793579
1.218873 3.190906
1.869685 1.466328
2.002222 0.293006
1.754671 1.959103
1.752008 1.964629
0.299499 3.965395
1.740856 2.000711
1.994081 0.466571
1.74303 1.998642
1.24188 3.158535
0.318979 3.9583
0.738485 3.731154
0.322599 3.957841
1.966489 0.803682
0.672252 3.780941
1.531604 2.598632
0.850867 3.634035
0.613604 3.817411
1.857974 1.525278
2.001863 0.311291
1.948051 0.967964
2.000983 0.31378
1.856357 1.5363
0.663491 3.784965
1.949102 0.96423
1.851739 1.552071
1.463374 2.749056
1.851953 1.551099
1.852974 1.550146
0.352062 3.949666
1.620903 2.371003

0.514045 3.88161
1.426188 2.83274
1.862654 1.519277
1.431891 2.824248
1.453314 2.777273
1.154088 3.289349
1.856508 1.550309
2.003894 0.311537
1.496993 2.688805
2.002846 0.313516
0.443657 3.912686
1.385081 2.916764
1.982122 0.667627
1.13903 3.30891
1.503071 2.672398
1.984881 0.645512
1.503244 2.668997
1.376015 2.929188
1.621256 2.377467
0.605976 3.826129
1.513009 2.651088
1.84984 1.581069
1.975861 0.748706
1.975427 0.751881
1.89526 1.354057
1.896576 1.352593
1.588387 2.461473
1.361031 2.961788
0.831331 3.660102
1.12185 3.334572
0.863749 3.627793
1.718087 2.091548
0.413149 3.925847
1.252083 3.144579
1.53633 2.598565
1.713936 2.106272
0.87136 3.618432
1.634507 2.340581
0.878243 3.616981
1.738558 2.025401
1.845053 1.604598
1.704038 2.133822
0.886632 3.604223
2.002581 0.354945
1.702213 2.14008
1.744916 1.997832
1.9708 0.791114
1.746473 1.993025
1.576462 2.493511
1.748983 1.98061
0.930091 3.562991
0.780385 3.704832
1.899317 1.332137
1.574989 2.496831
1.839038 1.627211
0.248245 3.980866
0.392472 3.933932
1.970601 0.807192
1.643984 2.323195
1.258601 3.13107
1.989144 0.579129
1.693329 2.171762
1.559366 2.541935
0.953493 3.538503
1.830489 1.66512
1.567409 2.518727
0.642425 3.804362
1.759315 1.948054
1.566581 2.521136
1.562663 2.530703
0.959363 3.53207
0.95966 3.529362
1.815357 1.731393
1.262755 3.129587
1.822844 1.697469
1.816658 1.723583
1.816481 1.72727
1.827115 1.681622
1.644047 2.312089
1.765055 1.927724
1.990605 0.572044
1.68304 2.207172
0.647168 3.801387
0.76209 3.717286
0.985879 3.500637
1.338341 2.998437
1.793877 1.810857
1.901372 1.308546
1.774205 1.898037
1.094219 3.371414
0.261 3.980857
0.653782 3.798746
0.756365 3.721248
1.006388 3.477044
1.947229 1.017394
1.951099 0.965321
1.99118 0.548206
1.015489 3.471174
2.000186 0.395041
1.948621 0.98902

1.57395 3.371195
1.289236 3.405106
1.252291 3.416927
1.655258 3.07788
2.017437 0.448904
2.013821 0.45005
2.010705 0.587248
2.013801 0.489398
2.013753 0.490642
2.013753 0.490642
2.011242 0.521663
2.001947 1.017575
1.917566 1.634678
1.922126 1.369471
1.684366 2.354184
1.923565 1.350095
1.898963 1.686185
1.927272 1.292534
1.94699 1.190662
1.691524 2.318186
1.946817 1.20854
1.946817 1.20854
1.944825 1.21939
1.943429 1.238194
1.943535 1.234084
1.789162 1.97234
1.693111 2.291757
1.705289 2.28983
1.789717 1.946672
1.71779 2.248596
1.724801 2.235647
1.866489 1.743395
1.730948 2.200347
0.472825 4.031551
1.765936 2.087554
1.756548 2.099299
1.755334 2.101808
1.734057 2.129215
1.746168 2.106042
1.739191 2.128635
1.746028 2.124137
1.836545 1.766301
0.158259 4.093464
0.158259 4.093464
0.158259 4.093464
0.158259 4.093464
0.19165 4.09138
1.797224 1.886874
1.825672 1.789616
1.825672 1.789616
0.349587 4.064702
0.338786 4.067048
1.80012 1.870171
1.80012 1.870171
1.80012 1.870171
1.811662 1.86596
0.426821 4.043293
0.376451 4.05808
0.329274 4.068414
1.813492 1.851211
0.381525 4.056451
1.818193 1.819396
0.303536 4.074141
0.26755 4.081003
0.294897 4.076305
0.28236 4.07842
0.276461 4.079597
0.276461 4.079597
0.276461 4.079597
0.248236 4.084145
1.825672 1.789616
1.818193 1.819396
1.818193 1.819396
1.818193 1.819396
0.158259 4.093464
0.248236 4.084145
1.799532 1.867963
1.798114 1.868632
1.818193 1.819396
1.73077 2.086229
1.896537 1.575784
2.024735 1.169592
1.71447 2.317843
1.788237 1.878646
2.02293 0.82225
1.799817 1.852409
1.80012 1.870171
0.158259 4.093464
1.812052 1.765745
2.010685 0.446655
1.712907 2.196733
1.683536 2.28866
1.454508 3.032081
1.921582 1.343021
1.825672 1.789616
0.115532 4.04093
1.943221 1.18997
2.077952 2.083817
1.786794 1.979207
1.245825 3.37425

1.126981 3.322244
1.064348 3.401889
2.003945 0.197812
2.003809 0.202329
1.032063 3.442764
1.562467 2.52084
2.003793 0.205103
1.160566 3.27492
1.163354 3.271166
1.015695 3.461699
1.402614 2.871572
1.174004 3.257783
1.508082 2.649382
1.579157 2.478725
1.97168 0.741128
1.350885 2.969974
1.414597 2.852286
1.588745 2.458869
1.41707 2.842852
1.592091 2.449068
2.00318 0.259197
1.344745 2.980974
1.982009 0.638235
1.211309 3.202735
1.491442 2.685321
1.605885 2.410308
0.969857 3.51419
1.968145 0.7883
1.450821 2.774233
1.620479 2.372537
2.000419 0.314456
0.965092 3.51916
1.627935 2.347815
1.967393 0.797226
1.984759 0.600315
1.635174 2.330546
1.480257 2.713926
1.849889 1.562943
1.998487 0.352396
1.985388 0.593088
1.851231 1.55218
1.840753 1.600914
1.475913 2.719317
1.471444 2.730277
1.472939 2.7279
1.859301 1.520674
1.998275 0.368956
1.942717 1.012626
1.934692 1.085163
1.998049 0.379289
1.83642 1.622558
1.987416 0.576299
0.561845 3.850437
0.289255 3.966245
1.996283 0.408637
1.987477 0.562209
1.86607 1.482883
1.929239 1.106782
1.943112 0.998407
1.946034 0.991476
1.989843 0.518772
1.992819 0.482346
1.993415 0.462297
1.993046 0.466287
0.534047 3.866166
1.713223 2.092908
0.340694 3.950703
1.870158 1.458283
0.625837 3.810514
1.946219 0.97213
1.926597 1.137819
0.630222 3.809358
0.633635 3.806468
0.724811 3.74082
0.346872 3.948323
0.653646 3.791707
0.132534 3.998757
1.904619 1.277458
0.713454 3.748735
1.907947 1.249919
1.71859 2.071087
1.703328 2.126175
0.678744 3.775331
1.702163 2.129911
0.922994 3.562753
1.25406 3.136594
0.693888 3.764922
1.911817 1.220987
1.960586 0.854748
1.876512 1.432688
1.920735 1.163255
1.82538 1.676605
1.96028 0.863799
0.14163 3.997722
1.918934 1.17746
1.730643 2.040821
1.915256 1.202845
1.877731 1.417209
1.95538 0.910505
1.732205 2.031189

1.671315 2.227469
0.771912 3.709879
0.128612 4.001726
0.512082 3.876972
1.784322 1.850193
0.857641 3.628562
1.774638 1.875514
0.460239 3.904289
1.811007 1.738509
0.548125 3.859278
1.763738 1.915583
1.816422 1.722714
1.615856 2.389736
1.99809 0.386016
1.995851 0.412361
2.003898 0.204586
2.003788 0.212914
0.414442 3.924215
1.373629 2.931362
0.711941 3.751964
0.171801 3.995306
1.396346 2.888537
1.382228 2.910647
1.390511 2.893742
2.003288 0.222093
0.890273 3.597189
0.598441 3.831426
1.822725 1.680057
1.420955 2.835858
1.955911 0.895812
1.957369 0.890505
1.999751 0.323378
0.611227 3.821922
0.695266 3.762886
1.60243 2.417085
1.991492 0.490734
1.695316 2.151807
1.946038 0.984795
1.948247 0.960893
2.003191 0.238969
1.436457 2.802423
1.329926 3.006007
1.96265 0.8435
1.748678 1.973362
1.695738 2.148796
1.445121 2.787914
1.743022 2.002629
1.963312 0.838824
1.747043 1.976788
1.745772 1.981515
1.941642 1.015577
1.324154 3.017945
1.941119 1.018583
1.936722 1.055056
1.936542 1.055599
1.965003 0.816128
0.19471 3.990966
1.317754 3.029712
0.195778 3.990743
1.699186 2.139869
1.991038 0.505272
2.000921 0.2928
0.681473 3.776873
1.300239 3.057625
2.002599 0.265625
2.00259 0.272772
0.646399 3.796112
1.83185 1.651294
1.541283 2.578557
0.672398 3.780182
1.522448 2.618044
0.666338 3.783941
1.990339 0.520205
1.96969 0.768983
1.293983 3.072364
1.547149 2.565162
1.26062 3.125206
1.465592 2.747222
1.724074 2.064769
1.548547 2.554097
1.275958 3.101209
1.925465 1.131262
1.863538 1.494846
1.870594 1.468757
1.512885 2.640761
1.280566 3.094366
1.707995 2.115189
1.595311 2.437936
1.709145 2.10836
1.713474 2.088623
1.468756 2.73708
1.505231 2.657869
1.491648 2.685817
1.560915 2.523448
0.229738 3.982757
1.924381 1.146166
0.362055 3.945667
1.48797 2.694069
1.476112 2.723102
0.915482 3.57184

0.801407 3.682386
0.774524 3.707952
0.994583 3.491906
1.039993 3.435046
1.044423 3.434849
1.596573 2.445513
0.673405 3.78279
0.101692 4.004183
0.111771 4.003192
1.571685 2.508621
0.645379 3.801158
0.120065 4.002211
1.567637 2.518236
1.108962 3.352034
1.115916 3.33966
0.161924 3.99852
0.17057 3.995335
2.00417 0.225516
0.263045 3.977361
0.318578 3.96034
0.354663 3.94963
0.323976 3.959313
0.325415 3.959146
0.391432 3.935638
1.536849 2.591646
1.980004 0.678745
1.982557 0.646205
2.003299 0.241972
2.003158 0.242286
0.559207 3.855448
1.984173 0.625232
2.002853 0.252391
1.989367 0.598771
2.002415 0.261736
1.950266 0.952699
1.887489 1.372685
1.891989 1.356137
1.894913 1.345763
1.974143 0.739383
0.48251 3.897965
1.999952 0.367898
1.961765 0.883368
1.840624 1.605062
1.165339 3.272545
1.974114 0.747123
0.492413 3.890513
0.535223 3.869399
1.837645 1.628735
2.00127 0.353182
1.881239 1.413793
2.001581 0.344685
1.94868 0.976417
0.527693 3.872605
0.51036 3.881618
1.998302 0.410662
0.517649 3.87659
1.990953 0.537955
1.173084 3.260802
1.969437 0.795973
1.962707 0.855488
1.851053 1.557474
1.177367 3.256745
1.996522 0.436932
1.648898 2.299003
1.967624 0.816032
1.182012 3.248242
1.964464 0.83919
1.965101 0.832372
1.990973 0.505333
1.995129 0.475148
1.992803 0.502537
1.993187 0.496213
1.876217 1.450914
1.856757 1.538622
1.869705 1.483303
1.717412 2.082227
1.859831 1.516063
1.711095 2.109727
1.709424 2.114219
1.864459 1.49712
1.863272 1.501644
1.906341 1.270982
1.779625 1.866762
1.510086 2.654366
1.702662 2.135476
1.358636 2.961451
1.355901 2.966972
1.782693 1.857855
1.376846 2.927305
1.943155 1.016206
1.654855 2.281956
1.910185 1.253449
1.344582 2.988399
1.507043 2.660233
1.910389 1.250281
1.78777 1.838766
1.766586 1.917697
1.2821 3.094201
1.65624 2.275228
1.272727 3.109199

1.928494 1.145402
1.935028 1.100636
2.008978 0.20822
2.008861 0.209736
1.098577 3.370243
1.942778 1.055371
1.101238 3.365129
1.128672 3.330107
1.135428 3.324824
1.137368 3.316842
2.007794 0.225053
1.168754 3.274235
1.540064 2.588226
1.914602 1.23666
1.511905 2.652761
1.510527 2.659662
1.505544 2.67791
1.487762 2.706786
0.699739 3.771146
0.69272 3.772
1.948812 0.99959
0.673409 3.787557
0.986185 3.50429
0.125291 4.006016
0.660546 3.79395
2.006812 0.269956
0.778943 3.70295
1.910177 1.26263
0.129525 4.005613
1.462365 2.761832
0.979835 3.510604
0.133974 4.005081
1.455651 2.778231
1.230586 3.180996
0.141299 4.004799
1.789548 1.838616
1.7849 1.860701
2.005911 0.307001
1.434699 2.823382
1.79767 1.809277
1.430408 2.833024
1.577082 2.499281
0.606058 3.830127
2.004319 0.344204
1.831329 1.664621
1.81007 1.758113
2.001886 0.373126
1.828513 1.683973
0.251267 3.982848
1.904443 1.296867
1.581586 2.487983
1.823228 1.701171
1.817789 1.723283
0.181179 3.995853
1.774068 1.89887
1.820741 1.71351
0.580652 3.847807
0.198322 3.995712
0.963946 3.530964
1.583626 2.481713
0.573803 3.848008
1.335718 3.008489
1.334433 3.010759
1.851784 1.575524
1.348801 2.983917
1.398507 2.892989
0.821182 3.672184
1.368639 2.946161
1.396985 2.897653
1.765793 1.928971
2.000908 0.41546
1.388773 2.911968
1.383015 2.928431
1.899339 1.324983
1.59824 2.448776
1.957805 0.931175
1.620713 2.38725
2.000365 0.432374
1.626082 2.371604
2.000167 0.434941
1.897777 1.335667
1.998341 0.462449
1.85659 1.551919
1.312537 3.054695
1.601166 2.435152
1.603389 2.433279
0.941228 3.551807
0.831107 3.661623
0.831853 3.660671
1.970268 0.811265
0.299802 3.973228
1.958952 0.917475
1.959041 0.915467
1.976956 0.749717
1.858657 1.541245
1.977357 0.745315
1.978157 0.733004
1.978969 0.718658
1.99585 0.502188
0.928531 3.567923

1.522313 2.620326
1.515618 2.636798
1.991377 0.55483
1.868876 1.47843
0.146333 4.000416
1.993543 0.484615
1.986355 0.611329
1.855195 1.544257
1.881126 1.422311
1.183157 3.246728
1.13769 3.313406
1.130109 3.322447
1.190585 3.235624
2.006655 0.212355
1.093719 3.365795
0.175217 3.995607
1.84968 1.572612
1.220767 3.196594
0.179584 3.994229
2.00554 0.22051
2.005017 0.220942
1.074008 3.395439
1.998928 0.426725
1.575091 2.492898
1.06783 3.401891
0.1917 3.992704
1.980434 0.679091
1.058015 3.412342
1.676939 2.215284
1.484313 2.706875
1.394945 2.893014
1.999178 0.410262
1.979007 0.688674
0.630795 3.810856
1.672575 2.229239
0.622219 3.815556
1.967533 0.815397
1.892571 1.345484
2.000521 0.399841
0.483385 3.894972
0.606086 3.823895
0.601684 3.82725
1.920353 1.189326
1.972587 0.775717
0.568311 3.84921
1.894812 1.339489
1.478152 2.721652
0.523126 3.876366
1.346163 2.982013
0.229584 3.984922
1.839852 1.617455
1.976782 0.712371
0.538065 3.867439
1.974734 0.742826
1.921031 1.177536
0.448044 3.912733
1.923476 1.15423
1.895809 1.328356
1.975456 0.734961
1.922165 1.17075
1.693461 2.162562
0.272298 3.973745
1.587259 2.466616
0.429535 3.916976
0.713719 3.750122
1.40894 2.864003
0.308768 3.963606
2.000815 0.350837
1.903537 1.285365
1.962656 0.86717
1.902392 1.30011
1.46539 2.74642
1.9031 1.293747
1.255996 3.140087
1.588928 2.460841
0.32227 3.96129
0.40126 3.930346
0.326987 3.957353
0.396481 3.93068
0.359024 3.947236
1.590376 2.457251
0.860099 3.627503
0.858998 3.627783
2.004692 0.280435
1.413692 2.853628
0.839418 3.647161
1.961377 0.878704
2.002969 0.327476
0.894362 3.597714
1.333934 3.005788
0.993176 3.490616
2.004375 0.293144
1.833246 1.649711
1.648706 2.295105
2.003542 0.301389
1.262577 3.129123
1.934449 1.084261
1.423285 2.83663
1.757586 1.947623
1.601637 2.426864

0.106554 4.005337
0.111652 4.004814
0.174032 3.995201
0.183141 3.994378
1.027259 3.451523
1.822604 1.693329
1.082644 3.383264
0.989873 3.498353
0.260807 3.977984
1.315516 3.035981
1.818679 1.709111
1.329094 3.012987
0.316727 3.963092
1.111287 3.347602
2.005782 0.200867
1.274411 3.113131
1.884917 1.405307
2.005633 0.203081
1.57492 2.499323
1.12551 3.329651
2.00477 0.209271
0.355936 3.946814
1.368484 2.950074
2.004731 0.214038
1.563353 2.522857
0.385683 3.939601
1.246551 3.152814
0.936878 3.557344
1.380779 2.916173
2.003476 0.277091
1.887461 1.375453
1.748937 1.979749
2.001159 0.321329
1.770319 1.908316
1.9793 0.685125
1.932308 1.105861
1.39006 2.901708
1.23007 3.175075
1.930957 1.107661
2.000682 0.337559
0.752887 3.724314
1.621185 2.373183
1.801118 1.778128
1.228119 3.181931
1.623539 2.371135
1.625131 2.368041
1.77429 1.889869
1.942968 1.016513
1.54893 2.567751
1.396013 2.890576
1.945027 1.009741
0.773643 3.705931
0.774321 3.7056
1.782143 1.859708
1.172952 3.260108
1.927986 1.134624
1.742084 2.009416
0.437019 3.917527
1.543955 2.576123
1.179717 3.256631
0.701705 3.762905
1.740286 2.012565
0.696599 3.766983
1.188032 3.245047
0.803375 3.678632
0.910236 3.582955
1.789474 1.833157
1.982923 0.634619
1.195951 3.225315
1.195823 3.22835
1.794713 1.806851
1.923093 1.163748
1.533778 2.594512
1.794108 1.809241
1.79395 1.810143
1.949922 0.971057
1.984279 0.621423
0.901671 3.591126
1.417683 2.848093
1.524425 2.617088
0.829189 3.65814
0.891133 3.597198
0.46527 3.905983
1.999079 0.386173
1.637308 2.32852
1.984866 0.608424
1.697482 2.147784
0.839217 3.646653
0.472931 3.900788
1.698059 2.14581
0.878882 3.611806
1.972682 0.765479
1.515671 2.638107
0.656032 3.793319
0.856412 3.635214
1.950891 0.951979
1.896225 1.326492
1.951492 0.950877
1.919219 1.205261
0.480708 3.89947

1.287747 3.083595
1.313173 3.039597
1.266896 3.115636
0.187619 3.993511
1.012824 3.465467
0.209536 3.988856
0.220984 3.986894
1.362508 2.961359
0.965959 3.522901
1.087493 3.374843
1.174109 3.260302
1.370709 2.936765
1.115593 3.340208
1.117344 3.337243
1.150305 3.293989
1.159147 3.279701
1.156145 3.282216
0.932191 3.554461
0.297257 3.9663
1.901137 1.304014
0.303458 3.965227
0.912354 3.574115
1.910757 1.241814
1.854766 1.543639
1.848563 1.567533
1.564058 2.522311
1.56725 2.509235
1.841856 1.60174
1.912869 1.229067
0.769423 3.709503
1.599243 2.429639
1.837567 1.621327
0.778077 3.701291
0.78325 3.694274
0.809224 3.672881
0.820173 3.662981
0.570204 3.848449
0.378973 3.941025
0.87798 3.610648
1.608233 2.408831
0.876549 3.613301
0.688654 3.770065
0.868383 3.620753
1.616973 2.385959
1.638742 2.326232
1.611385 2.400676
1.61205 2.398091
0.592677 3.833164
0.640506 3.803446
0.642305 3.800264
0.674411 3.779163
1.82269 1.693414
0.51459 3.877644
0.669954 3.782688
1.869129 1.46734
1.799739 1.78402
1.827224 1.660666
1.974583 0.732191
1.882563 1.397368
0.6154 3.81962
1.811452 1.744694
1.973406 0.748785
1.977471 0.699706
1.809142 1.750307
1.826347 1.672786
1.805465 1.766535
1.41998 2.837684
1.979338 0.677153
1.917982 1.191742
1.979926 0.668368
1.704108 2.12839
1.873845 1.446616
0.403178 3.92894
1.880756 1.40933
1.880354 1.410542
0.495342 3.888431
1.876968 1.428593
1.879425 1.414687
1.42493 2.832002
1.783385 1.844408
1.962706 0.851366
1.543386 2.570168
1.967901 0.795927
1.967446 0.798985
1.713171 2.096896
0.489038 3.891029
1.966611 0.813801
1.954767 0.924041
1.956883 0.898603
0.417079 3.923622
1.958068 0.887
1.957781 0.888259
1.714229 2.089504
1.781109 1.857937
0.427667 3.920631
0.449685 3.909197
1.715505 2.08716
0.459557 3.905952
1.921893 1.166916
1.922128 1.165361

1.931138 1.112946
1.468832 2.752391
1.452466 2.783891
1.616031 2.39096
1.611005 2.408434
1.351015 2.978821
1.602077 2.427685
1.952844 0.957126
2.008067 0.094529
1.414593 2.85462
0.831517 3.657698
0.846459 3.641237
1.405803 2.869309
1.309878 3.045414
1.396412 2.891168
1.996353 0.477163
1.38277 2.916739
1.383173 2.916628
1.502098 2.6697
1.508118 2.65931
0.554671 3.857237
1.655932 2.282259
0.65935 3.795097
0.785441 3.696524
1.519867 2.63146
1.296106 3.070894
1.567212 2.519519
0.67205 3.784565
1.661574 2.264792
1.993079 0.511632
1.663525 2.257861
0.905625 3.587129
1.538988 2.586598
0.147664 3.999325
0.685401 3.773027
0.764058 3.714279
1.547969 2.570169
1.670803 2.236338
1.124403 3.32906
1.558749 2.543859
1.554034 2.550099
0.918257 3.573778
1.95746 0.912795
1.992125 0.528201
1.95832 0.912101
1.677874 2.217993
0.713288 3.755251
0.726474 3.744588
2.000486 0.359965
0.721071 3.74848
2.000852 0.35677
1.688657 2.180804
1.991192 0.540843
0.525691 3.87297
1.151216 3.292003
1.083102 3.383252
1.156611 3.288704
1.076039 3.391347
1.897397 1.33596
1.163716 3.277796
1.166487 3.275729
1.705692 2.127518
1.894873 1.337993
1.75087 1.978574
2.006785 0.144911
0.946712 3.542825
1.809006 1.752646
1.053843 3.419868
0.172953 3.996918
1.735872 2.032947
1.715913 2.101409
1.268655 3.116328
1.732593 2.042857
0.954389 3.53771
1.80855 1.761297
0.9852 3.502253
0.957438 3.534978
1.961292 0.872883
2.006537 0.153529
1.718114 2.090114
0.508011 3.882279
1.724615 2.067527
1.718659 2.087111
0.964998 3.52335
1.043356 3.434738
1.824818 1.692669
2.002216 0.318792
1.756797 1.954825
1.037818 3.44268
1.029255 3.451311
1.031775 3.450533
2.002265 0.313341
0.185544 3.993692
2.004025 0.27022
1.986587 0.603161
0.497926 3.890641
1.207899 3.214807
0.327582 3.961095
1.804277 1.784454
2.002571 0.304983

2.003444 0.200773
2.002969 0.243539
2.002436 0.246895
0.106898 4.002619
1.198855 3.220263
1.734667 2.037923
1.180804 3.25312
1.237676 3.159195
1.244776 3.153663
0.127514 4.000729
1.68912 2.173888
1.267803 3.121124
1.686081 2.186172
1.285409 3.083898
0.322874 3.960156
1.301135 3.059479
0.254894 3.978936
0.144556 3.998927
1.789682 1.828774
1.745243 1.983641
1.747865 1.981734
1.997183 0.371916
0.526542 3.874566
1.342866 2.99083
0.356748 3.951199
1.676337 2.206231
1.34304 2.980805
0.157479 3.997021
0.159015 3.996348
1.351557 2.969219
0.170203 3.994557
1.983249 0.610364
1.818256 1.714256
0.467475 3.900056
1.75995 1.938795
0.384097 3.938681
1.760686 1.926518
1.989905 0.533656
1.996205 0.404565
0.394282 3.934711
1.778575 1.862037
1.668666 2.232873
1.778296 1.864912
0.570443 3.84651
1.378891 2.91931
0.442407 3.91506
1.77669 1.868997
0.57772 3.842365
0.427529 3.920632
1.994647 0.427115
1.993944 0.444538
1.390169 2.897709
1.992125 0.473634
1.990683 0.497763
1.991352 0.48899
1.979761 0.666708
1.964692 0.820676
1.872631 1.44152
0.684438 3.773649
1.962028 0.848408
1.878249 1.423812
1.883311 1.388095
1.649467 2.289481
0.653985 3.794327
0.6413 3.801177
0.6413 3.801177
1.627776 2.354846
0.647373 3.799463
1.888392 1.369543
1.60407 2.41158
1.594809 2.443759
1.609766 2.4018
1.934679 1.062271
1.937649 1.04631
0.862923 3.623211
1.413635 2.857114
1.635526 2.328845
0.745881 3.728793
1.116664 3.337144
1.640266 2.31458
1.639793 2.320481
0.748427 3.72319
1.969451 0.760942
1.9416 1.015708
1.891168 1.345717
1.959613 0.885625
1.975741 0.699881
1.928464 1.103746
1.85965 1.508111
1.975169 0.70273
0.846289 3.638933
1.896428 1.320646
1.897171 1.319143
1.972005 0.737993
0.836833 3.651516
1.973917 0.721726
1.973197 0.725927
1.95746 0.906483
1.580557 2.483198
1.490219 2.688533

2.002906 0.294794
1.274033 3.113397
1.280717 3.098233
2.001295 0.369062
1.175755 3.25863
1.172679 3.263081
1.353176 2.974286
1.995866 0.457834
1.720251 2.074229
1.142005 3.304783
1.365657 2.946494
1.368981 2.942401
1.687323 2.18275
1.859928 1.525631
1.733423 2.031512
1.994771 0.502805
1.856449 1.547499
1.679629 2.209608
1.853276 1.561998
1.678621 2.21237
1.849965 1.566431
0.775538 3.703689
1.624322 2.374467
0.102696 4.006949
1.674672 2.225675
1.619398 2.383522
1.506486 2.666915
0.721233 3.750126
1.611151 2.401151
0.790991 3.691219
1.827497 1.669765
1.397258 2.893526
1.102717 3.361262
1.659441 2.270512
1.63722 2.333239
1.839898 1.620595
1.096259 3.367946
1.837782 1.624695
1.486613 2.705779
1.643374 2.312134
1.817387 1.716739
1.405392 2.871027
1.075698 3.395087
0.97552 3.512281
1.917625 1.212471
1.915617 1.212742
1.058882 3.419322
1.473151 2.731703
1.054056 3.427553
1.024407 3.454259
1.027545 3.4518
1.747 1.996254
1.524061 2.621958
1.584449 2.474091
1.464805 2.751848
0.44959 3.913578
0.467077 3.907237
1.809126 1.747738
0.436812 3.919332
1.991956 0.54739
0.823133 3.66531
1.447577 2.789796
1.434661 2.812083
1.439656 2.809991
1.445103 2.802672
1.889439 1.373978
0.129982 4.004041
0.680139 3.778836
0.512271 3.884007
1.890573 1.369759
1.90295 1.286274
0.676639 3.781299
0.950542 3.540448
0.386919 3.939758
1.926349 1.143365
1.89145 1.364984
0.524912 3.876602
1.989019 0.567915
0.841225 3.652243
0.526081 3.876267
1.539723 2.590129
0.667122 3.790371
1.927011 1.139525
0.140837 4.002771
1.9755 0.746064
0.377857 3.943142
1.972679 0.757636
1.988581 0.576798
1.987963 0.58044
1.971348 0.774463
1.978489 0.690494
1.984281 0.628665
0.941702 3.551051
1.929773 1.129303
0.937561 3.553163
1.931299 1.119142
1.755264 1.957181
1.565576 2.517796
1.894879 1.344811
1.982735 0.652971

2.004151 0.222963
0.168629 3.996007
0.18283 3.993179
0.943537 3.549745
2.00259 0.250335
0.917652 3.569078
0.98962 3.493013
0.877171 3.608352
0.894005 3.59351
0.844761 3.638992
0.220326 3.984903
1.060992 3.407471
1.729888 2.041708
1.06504 3.406259
1.730675 2.039407
1.703883 2.128222
0.759929 3.715108
1.93477 1.075346
0.752158 3.721515
1.942062 1.036981
0.493555 3.888353
1.38904 2.899834
1.38641 2.901847
1.74015 1.999445
1.079867 3.383319
0.502124 3.885297
0.396057 3.932086
0.734378 3.733359
1.750836 1.967348
1.436776 2.802378
0.371908 3.940174
0.281396 3.96944
1.685777 2.183429
1.102779 3.351368
1.362666 2.952655
1.921804 1.165603
0.347527 3.954407
1.765249 1.912222
1.945875 0.985348
1.972132 0.748488
1.977509 0.690378
1.769196 1.90503
1.773268 1.888032
1.44902 2.783133
1.35958 2.963816
0.317278 3.958892
1.777619 1.863431
0.329724 3.955215
0.323961 3.957488
1.918705 1.176089
1.784533 1.839108
1.355652 2.969244
1.127133 3.331442
1.792475 1.81084
2.000114 0.348352
1.969011 0.77871
1.917229 1.190473
1.62648 2.358677
0.55127 3.863085
1.619322 2.376554
1.915995 1.204377
1.863802 1.488311
1.634671 2.334583
1.86228 1.499965
1.902819 1.288407
1.913104 1.220911
1.967164 0.796839
1.951173 0.956918
1.906127 1.275882
1.990797 0.501444
1.994394 0.462312
1.545411 2.568276
1.549505 2.567578
1.980749 0.651273
1.806972 1.750071
1.550819 2.554133
1.908331 1.251538
0.680336 3.774775
1.674147 2.220055
1.998498 0.368994
1.807711 1.743901
1.322943 3.021769
1.809472 1.743283
1.998246 0.370657
1.96593 0.809809
1.981271 0.644893
1.321708 3.029935
1.814203 1.718606
1.316428 3.032235
1.989588 0.521891
1.872377 1.448447
1.965128 0.822561
1.856299 1.534246
1.952575 0.936388
1.892655 1.344022
1.821242 1.701813
1.998035 0.388632
1.891881 1.34538
1.997086 0.390481
1.873815 1.440217

