0.000000,0.000002,0.000001,0.000004,9.999781,11.999957,5.013009,3.453592,3.602125,3.722647,3.830218,3.914787,3.969428,4.011647,4.031416,4.037513,4.026611,4.006205,3.968509,3.921789,3.865391,3.800636,3.727457,3.647368,-0.111959,-4.111958
0.000000,0.000006,0.000000,0.000003,9.999702,11.999885,4.825230,3.433492,3.619250,3.696512,3.794358,3.878448,3.929747,3.971158,3.983016,3.995737,3.974650,3.953030,3.912356,3.873297,3.805601,3.738255,3.665492,3.583662,-0.111393,-4.111391
0.000000,0.000003,0.000000,0.000004,9.999697,11.999922,3.306276,3.156983,3.294768,3.403758,3.459066,3.497363,3.550798,3.523507,3.512540,3.494978,3.438484,3.393129,3.339555,3.257247,3.179289,3.110675,3.009619,2.902025,-0.103023,-4.103021
0.000000,0.000003,0.000000,0.000002,9.999691,11.999906,3.089629,3.215248,3.266213,3.365452,3.426228,3.464533,3.500417,3.510397,3.468135,3.441372,3.391715,3.353663,3.274783,3.192697,3.139199,3.043929,2.950129,2.841709,-0.102304,-4.102303
0.000000,0.000003,0.000000,0.000004,9.999698,11.999893,5.083005,3.435056,3.596927,3.727431,3.835714,3.917434,3.978640,4.020392,4.042330,4.048015,4.039178,4.017104,3.980559,3.935664,3.879147,3.814062,3.742590,3.663081,-0.112038,-4.112036
0.000000,0.000004,0.000000,0.000003,9.999708,11.996251,3.071957,3.462328,3.285761,3.400347,3.459594,3.499228,3.557045,3.524245,3.522168,3.501220,3.461426,3.402093,3.330731,3.261063,3.194073,3.103886,3.005446,2.943054,-0.103468,-4.103467
0.000000,0.000003,0.000003,0.000009,9.999764,11.655336,6.282628,3.546747,3.733471,3.882140,4.002731,4.115642,4.212196,4.283923,4.365898,4.297006,4.360370,4.367692,4.327590,4.276017,4.256986,4.206182,4.144074,4.138001,-0.118957,-4.118956
0.000000,0.000004,0.000001,0.000003,9.999679,11.999883,5.083080,3.434072,3.595078,3.727202,3.835349,3.917730,3.978376,4.020842,4.041905,4.048015,4.038618,4.015809,3.979813,3.934878,3.878322,3.814062,3.741722,3.662059,-0.112028,-4.112027
0.000000,0.000004,0.000001,0.000004,9.999903,11.999909,3.374582,3.454980,3.335221,3.430954,3.505264,3.554990,3.598326,3.596693,3.593668,3.577877,3.528653,3.484726,3.421048,3.363842,3.278108,3.196752,3.107799,3.004633,-0.104494,-4.104492
0.000000,0.000004,0.000001,0.000003,9.999756,11.999890,5.070464,3.435477,3.591994,3.725160,3.835675,3.915276,3.976717,4.016410,4.039439,4.043942,4.034939,4.011987,3.977186,3.931106,3.876112,3.810287,3.737010,3.659056,-0.111991,-4.111990
0.000000,0.000004,0.000001,0.000004,9.999695,11.999883,5.020009,3.454611,3.593242,3.722950,3.832280,3.911526,3.970396,4.012829,4.032669,4.039343,4.030282,4.008405,3.968764,3.922954,3.865715,3.803318,3.728458,3.648608,-0.111972,-4.111970
0.000001,0.000002,0.000000,0.000003,9.999698,11.999788,5.084979,3.434454,3.595492,3.727504,3.835488,3.917666,3.978815,4.019866,4.043183,4.048671,4.040099,4.017166,3.981259,3.936159,3.880882,3.815151,3.742810,3.663139,-0.112044,-4.112044
0.000000,0.000002,0.000000,0.000004,9.999697,11.999969,5.065437,3.426903,3.599730,3.724778,3.830714,3.914336,3.973831,4.014933,4.037327,4.043440,4.034363,4.010298,3.975642,3.927317,3.872686,3.808224,3.735555,3.656125,-0.111971,-4.111970
0.000000,0.000003,0.000001,0.000004,9.999565,11.999890,5.070464,3.433479,3.596501,3.725682,3.833303,3.917563,3.977037,4.016382,4.042478,4.046836,4.036115,4.013761,3.977209,3.931106,3.875428,3.811495,3.738701,3.659788,-0.112018,-4.112016
0.000000,0.000002,0.000000,0.000001,9.999683,11.999996,6.584111,3.678958,3.862604,4.026279,4.173319,4.284023,4.373727,4.454256,4.504931,4.556048,4.576548,4.571003,4.572233,4.557490,4.525356,4.483433,4.440962,4.374844,-0.119808,-4.119808
0.000001,0.000021,0.000000,0.000003,9.999900,11.999924,5.438716,3.516173,3.662503,3.804009,3.928450,4.042553,4.064914,4.128039,4.200891,4.178818,4.198977,4.177170,4.145535,4.088888,4.061212,3.990493,3.917513,3.861522,-0.114731,-4.114726
0.000000,0.000002,0.000000,0.000005,9.999703,11.999940,5.085215,3.431810,3.595066,3.728611,3.835174,3.917730,3.978658,4.020842,4.042995,4.047632,4.040046,4.016795,3.982523,3.935602,3.880628,3.814062,3.743737,3.663982,-0.112050,-4.112049
0.000000,0.000003,0.000000,0.000004,9.999693,11.999944,4.953696,3.430655,3.587730,3.705994,3.811566,3.895051,3.956911,3.998059,4.015551,4.016596,4.005951,3.979005,3.943692,3.897127,3.839530,3.770363,3.695698,3.611129,-0.111667,-4.111666
0.000000,0.000002,0.000000,0.000004,9.999744,11.999864,4.400211,3.351396,3.479736,3.592703,3.693423,3.776886,3.804633,3.839269,3.914523,3.922642,3.842221,3.822732,3.746139,3.706637,3.767735,3.582037,3.496099,3.390975,-0.110065,-4.110064
0.000001,0.000004,0.000000,0.000004,9.999775,11.999883,3.546572,3.264343,3.344593,3.432624,3.506605,3.559080,3.594465,3.596971,3.592474,3.575235,3.529637,3.485135,3.424105,3.356866,3.279396,3.199514,3.114688,3.010419,-0.104281,-4.104280
0.000001,0.000003,0.000000,0.000001,9.999761,11.999930,6.538256,3.665765,3.880179,4.022596,4.164224,4.283894,4.371807,4.454578,4.502620,4.553795,4.567869,4.571003,4.562610,4.557490,4.525356,4.483858,4.405744,4.373842,-0.119947,-4.119946
0.000000,0.000003,0.000001,0.000002,9.999695,11.999841,5.087733,3.430216,3.594247,3.727457,3.834690,3.917543,3.978434,4.018937,4.042564,4.047901,4.038651,4.015694,3.980448,3.935892,3.878498,3.814382,3.741983,3.662673,-0.112021,-4.112020
0.000000,0.000003,0.000000,0.000004,9.999697,11.999895,3.369872,3.455447,3.347538,3.430883,3.506123,3.560316,3.589606,3.600608,3.597125,3.577612,3.531774,3.485519,3.421724,3.363790,3.278108,3.195467,3.109925,3.006533,-0.104510,-4.104509
0.000000,0.000000,0.000000,0.000003,9.999741,11.999845,5.075668,3.441443,3.594811,3.727417,3.834250,3.917126,3.978800,4.019290,4.041412,4.047203,4.037615,4.015460,3.979791,3.933602,3.878530,3.813368,3.740912,3.661653,-0.112024,-4.112023
0.000000,0.000002,0.000001,0.000004,9.999694,11.999472,5.074954,3.444892,3.596777,3.729125,3.835185,3.918331,3.978618,4.020376,4.042959,4.049430,4.038945,4.017649,3.981272,3.935975,3.879370,3.815790,3.741852,3.663395,-0.112065,-4.112064
0.000000,0.000000,0.000001,0.000004,9.999781,11.999739,5.075668,3.430217,3.597797,3.726596,3.833486,3.917000,3.977000,4.017590,4.039269,4.045529,4.036617,4.013486,3.978493,3.931106,3.876711,3.812282,3.738914,3.659788,-0.112005,-4.112004
0.000000,0.000003,0.000003,0.000003,9.999697,11.999895,3.544348,3.269608,3.335161,3.430575,3.505232,3.560316,3.591908,3.599733,3.595219,3.574199,3.537399,3.488619,3.421324,3.352365,3.281175,3.195467,3.109925,3.004930,-0.104308,-4.104306
0.000000,0.000003,0.000001,0.000004,9.999703,11.999825,5.085452,3.430389,3.595296,3.728139,3.835022,3.919097,3.978250,4.019110,4.042131,4.050671,4.040046,4.015384,3.981076,3.936182,3.878546,3.814138,3.741367,3.663086,-0.112038,-4.112037
0.000000,0.000002,0.000001,0.000001,9.999659,11.999889,3.499950,3.455272,3.487405,3.489183,3.587833,3.653457,3.667988,3.664349,3.659366,3.640147,3.600644,3.570466,3.510199,3.450871,3.407893,3.331903,3.213343,3.126288,-0.106537,-4.106536
0.000000,0.000000,0.000000,0.000004,9.999761,11.999956,5.065437,3.435623,3.591434,3.725232,3.830598,3.915034,3.975535,4.014824,4.038577,4.043084,4.034623,4.010298,3.976016,3.931258,3.872855,3.808248,3.735314,3.656084,-0.111972,-4.111971
1.999997,4.000000,6.000000,7.999998,0.028751,0.041308,0.191685,0.113755,8.183633,6.971436,7.426945,7.863127,8.282958,8.682396,9.069254,9.437255,9.792539,10.132408,10.458087,10.776447,11.080299,11.376053,11.652152,11.923634,-2.200063,-0.200066
1.999997,4.000000,6.000000,7.999998,0.133437,0.023942,0.012197,0.137043,8.047119,6.955153,7.409784,7.844561,8.260117,8.660612,9.043620,9.411468,9.764568,10.103685,10.432999,10.744380,11.046723,11.338307,11.615465,11.884246,-2.200037,-0.200040
1.999997,4.000000,5.999999,7.999999,0.146412,0.041421,0.028336,0.171079,8.401549,6.994173,7.454718,7.892921,8.314604,8.716147,9.103684,9.483402,9.845844,10.175105,10.509901,10.832884,11.134235,11.432510,11.714387,11.985383,-2.200128,-0.200131
1.999997,4.000000,6.000000,7.999999,0.138537,0.026890,0.011890,0.121620,8.031920,6.953184,7.407938,7.842455,8.258343,8.658125,9.042342,9.409469,9.761378,10.101566,10.428315,10.741572,11.043255,11.334052,11.611247,11.879202,-2.200033,-0.200035
1.999997,4.000000,5.999999,7.999997,0.023021,0.030291,0.210113,0.080829,8.048988,6.955936,7.410677,7.847883,8.261501,8.662740,9.044519,9.412901,9.770742,10.106210,10.434850,10.746360,11.050810,11.339825,11.618689,11.886559,-2.200071,-0.200075
1.999997,4.000000,5.999999,7.999997,0.021328,0.003188,0.319415,0.030016,8.182951,6.970703,7.427082,7.863127,8.281358,8.682396,9.068465,9.439366,9.792062,10.133531,10.462434,10.777908,11.080885,11.373806,11.653401,11.923634,-2.200026,-0.200029
1.999997,3.999999,6.000000,7.999998,0.137592,0.011917,0.012945,0.138089,8.019308,6.950530,7.407219,7.839312,8.256725,8.655337,9.037619,9.405507,9.758594,10.097882,10.425000,10.737198,11.038798,11.334711,11.610090,11.877418,-2.200059,-0.200063
1.999997,4.000000,6.000000,7.999998,0.147219,0.034739,0.011663,0.066282,7.908933,6.944878,7.396437,7.826450,8.240265,8.639433,9.023316,9.385939,9.738632,10.076717,10.405187,10.719090,11.014525,11.303362,11.586363,11.851336,-2.200106,-0.200108
1.999997,4.000000,6.000000,7.999998,0.019492,0.096674,0.128069,0.084142,8.022654,6.952375,7.407616,7.841673,8.257754,8.655939,9.040421,9.407175,9.759637,10.102165,10.425302,10.737873,11.043101,11.332283,11.611621,11.876581,-2.200047,-0.200050
1.999995,4.000000,6.000000,7.999997,0.128273,0.034990,0.017011,0.115933,8.008216,6.951810,7.406185,7.838934,8.255748,8.653621,9.038225,9.404979,9.758018,10.095274,10.421137,10.737187,11.036913,11.327250,11.606024,11.873973,-2.200049,-0.200053
1.999999,4.000000,5.999999,7.999999,0.026458,0.035787,0.076191,0.174694,7.871987,6.933217,7.385994,7.820296,8.233669,8.631559,9.015757,9.378641,9.732272,10.067730,10.394904,10.704589,11.000143,11.290127,11.571187,11.836481,-2.200074,-0.200075
1.999995,4.000000,6.000000,7.999998,0.055336,0.036899,0.039256,0.175169,7.906884,6.939829,7.393882,7.824864,8.238327,8.637512,9.018014,9.388445,9.739721,10.075658,10.399614,10.711122,11.011037,11.299633,11.578736,11.841854,-2.200108,-0.200112
1.999997,4.000000,5.999998,7.999997,0.029091,0.041425,0.107364,0.109133,7.799831,6.927806,7.381980,7.814137,8.223931,8.619548,9.001910,9.366763,9.720037,10.053193,10.379382,10.690166,10.986208,11.280258,11.554256,11.815720,-2.200090,-0.200093
1.999997,4.000000,5.999999,7.999998,0.028478,0.011987,0.036339,0.276874,7.983689,6.947046,7.400788,7.834628,8.253005,8.649458,9.034792,9.399241,9.752869,10.091999,10.418387,10.729591,11.033091,11.319781,11.598378,11.871783,-2.200060,-0.200063
1.999996,4.000000,6.000000,7.999998,1.065973,0.735362,2.446198,1.422005,0.476870,6.932039,7.384143,7.817175,8.233807,8.627779,9.010456,9.374694,9.729186,10.062812,10.388084,10.698851,10.998615,11.286412,11.562601,11.830317,-2.250039,-0.250042
1.999996,4.000000,5.999999,7.999998,0.142379,0.035787,0.062018,0.115971,8.291143,6.981887,7.436541,7.895023,8.305646,8.705272,9.083454,9.459509,9.824133,10.144444,10.472847,10.790716,11.107396,11.409418,11.709572,11.945687,-2.200431,-0.200435
1.999997,4.000000,5.999998,7.999996,0.028476,0.041314,0.115358,0.113353,7.848339,6.931873,7.384824,7.817963,8.232244,8.628250,9.010013,9.375076,9.723278,10.062636,10.387340,10.698199,10.997904,11.287526,11.561769,11.826893,-2.200039,-0.200043
1.999997,4.000000,5.999998,7.999998,0.039702,0.079067,0.012197,0.156259,7.821954,6.929797,7.382024,7.813432,8.230767,8.622403,9.006279,9.374052,9.720581,10.058439,10.382475,10.693345,10.992923,11.280857,11.556626,11.821992,-2.200066,-0.200070
1.999995,4.000000,5.999999,7.999998,2.129966,0.511467,0.678845,0.973839,1.880103,6.951525,7.405248,7.838934,8.255642,8.654872,9.037908,9.404979,9.759101,10.097495,10.425841,10.737451,11.036913,11.327371,11.606813,11.877418,-2.250034,-0.250039
1.999997,4.000000,6.000000,7.999996,0.039556,0.068321,0.047096,0.139206,7.854359,6.932928,7.384824,7.817963,8.232810,8.628695,9.010580,9.376182,9.723457,10.062410,10.387214,10.699296,10.996587,11.287544,11.562713,11.828257,-2.200041,-0.200044
1.999997,4.000000,5.999999,7.999999,0.028476,0.078082,0.044271,0.291109,8.394276,6.992524,7.454718,7.892921,8.314258,8.716147,9.103951,9.477974,9.848106,10.171395,10.509901,10.827811,11.136498,11.427131,11.714050,11.985383,-2.200115,-0.200118
1.999997,4.000000,6.000000,7.999998,0.039710,0.041300,0.036721,0.175578,7.824735,6.928161,7.383470,7.812866,8.232776,8.625027,9.006879,9.371466,9.730027,10.061887,10.391899,10.696238,11.060682,11.277773,11.558067,11.825696,-2.200324,-0.200327
1.999997,4.000000,5.999999,7.999998,0.027496,0.008254,0.064986,0.263963,8.033303,6.953625,7.407708,7.842733,8.258345,8.657676,9.042519,9.407910,9.764381,10.102727,10.428931,10.741247,11.042890,11.334946,11.612806,11.881745,-2.200037,-0.200040
1.999996,4.000000,5.999999,7.999999,0.041975,0.023968,0.212124,0.110695,8.252831,6.979091,7.438349,7.873772,8.293214,8.695623,9.080074,9.452248,9.806829,10.150373,10.475612,10.794619,11.097913,11.392256,11.673433,11.945358,-2.200048,-0.200051
1.999996,4.000000,6.000000,7.999998,0.271102,1.142651,0.978775,1.035431,3.735029,6.943522,7.396959,7.826577,8.244064,8.643301,9.027115,9.391918,9.743813,10.083633,10.409552,10.721961,11.021694,11.316279,11.585890,11.853900,-2.249862,-0.249865
1.999997,4.000000,6.000000,7.999998,0.229126,0.021779,0.003793,0.045998,8.229246,6.976240,7.436541,7.870925,8.288647,8.694340,9.074991,9.448648,9.802441,10.144444,10.474990,10.790716,11.093464,11.386248,11.671719,11.936698,-2.200069,-0.200072
1.999997,3.999999,6.000000,7.999998,0.043523,0.087819,0.049801,0.125728,7.942493,6.942114,7.396959,7.830674,8.244549,8.643301,9.025460,9.390790,9.743228,10.081555,10.406313,10.720523,11.020260,11.312371,11.589504,11.853127,-2.200049,-0.200052
1.999997,4.000000,5.999998,7.999998,0.029123,0.023956,0.208907,0.118639,8.193652,6.972579,7.430079,7.863126,8.283018,8.682910,9.069993,9.439379,9.793944,10.135254,10.467233,10.778326,11.082757,11.378847,11.661462,11.926282,-2.200067,-0.200070
1.999997,4.000000,6.000000,7.999997,0.922490,0.742905,2.612005,0.136364,2.350849,6.968578,7.423514,7.859354,8.278478,8.678626,9.061525,9.434099,9.788929,10.129569,10.456866,10.771387,11.073899,11.372000,11.646673,11.915752,-2.250046,-0.250049
1.999991,4.000000,5.999998,7.999998,0.142359,0.030787,0.025713,0.079128,7.968417,6.947063,7.401221,7.834181,8.249760,8.648719,9.034841,9.398465,9.750556,10.088166,10.416314,10.729015,11.028709,11.317422,11.594304,11.862159,-2.200075,-0.200083
1.147849,2.618669,3.114008,2.301097,2.596643,6.967408,13.011685,6.459706,12.327250,6.623153,2.864296,15.621720,24.269630,13.024688,19.637021,24.773924,8.522739,22.014474,24.988267,15.193905,8.074973,12.337978,6.081404,41.506511,-2.185808,-3.541192
1.657467,1.062836,2.388334,5.670128,0.271500,6.168650,1.245386,10.159305,3.623114,3.842696,14.603122,20.513490,4.294207,10.258848,1.570413,9.907335,26.274654,12.904298,13.966681,4.999757,10.561916,39.508554,27.867262,27.909372,-1.977975,-3.052800
1.393597,1.532544,4.479913,2.744994,4.738387,11.148367,1.665572,0.816933,14.742165,11.629622,18.892524,8.685197,10.198426,8.316502,6.866461,18.483773,16.869739,9.084127,14.446690,28.121492,40.403935,1.264166,30.160946,39.663835,-2.156370,-3.284901
1.149688,1.249723,4.252170,7.722279,2.184111,8.129542,0.404385,1.986555,17.532790,11.114266,10.542766,13.439663,6.460697,19.111816,12.084687,1.098976,11.932715,2.648958,2.289095,0.429413,34.968503,18.003537,24.142045,1.830467,-2.314170,-2.766629
0.129084,3.272982,3.973207,2.373080,9.758798,1.366123,0.526196,7.222426,14.847352,1.280206,20.775555,23.989101,4.097908,8.783861,22.244927,2.493429,9.889848,3.930429,21.971967,1.168472,6.756712,20.417637,35.694429,42.167816,-1.988075,-3.663252
0.995085,2.834724,3.645099,3.979503,4.380009,4.076169,8.405566,0.681437,2.832639,13.686142,14.952224,19.361180,21.321396,4.417507,16.982836,9.205691,29.940167,24.949069,26.079706,36.440875,40.307548,3.498608,43.135562,14.382428,-2.212607,-3.099116
0.115048,3.337291,1.000968,1.582555,7.514749,1.032759,4.564630,2.167816,12.740049,17.462196,1.180405,18.379956,10.659460,8.219930,20.663738,29.990473,27.794649,20.759344,1.463386,2.825040,39.947910,32.773822,14.800998,25.456156,-1.506672,-4.082248
1.371374,3.659370,3.822462,3.479022,4.663462,7.226824,13.394939,7.967016,10.844994,11.717301,15.301879,17.787681,8.802494,20.799955,11.532878,30.178286,15.380517,6.043983,1.699402,33.697229,22.981276,17.761132,16.496358,27.743480,-2.617293,-2.875043
1.032073,2.502333,3.498107,2.405726,5.836086,3.017263,9.458594,14.151331,11.075203,15.927034,13.076425,6.756041,3.727332,15.687438,17.033932,29.770030,15.219593,14.551908,9.606643,15.034384,5.527473,18.833481,17.619886,46.258609,-2.150309,-3.522213
1.514618,3.821635,0.899846,1.663125,9.759009,7.335829,5.422572,1.783270,6.908525,13.603867,0.954049,8.055221,24.350806,1.240078,15.221260,27.713885,1.503871,14.285457,15.040903,13.476002,21.630802,5.781523,9.180376,15.919998,-2.019583,-3.315671
1.029001,1.578407,4.018803,6.497640,5.277953,8.638837,9.697530,2.002875,11.933028,8.424932,21.924439,4.942412,9.611636,23.978161,6.735650,20.924149,32.946683,28.339071,7.790785,34.373167,4.099492,33.482859,26.280001,26.821634,-2.433879,-3.182386
0.233246,2.828553,2.451966,0.649917,8.174648,1.793888,9.233277,12.587378,3.507518,9.759468,2.020152,9.992317,22.571095,19.521846,29.250299,6.860380,16.293020,6.207682,7.909362,2.328994,12.397218,22.197973,41.164662,43.236895,-1.520326,-4.013184
0.840891,2.119141,1.581057,0.346561,8.856165,8.478799,8.077189,3.291945,3.026286,2.164890,17.555443,13.047888,16.290758,25.275895,10.776365,5.223801,21.895302,37.178891,10.262910,37.235545,17.886323,4.005635,7.576918,27.662940,-999.000000,-999.000000
0.572034,3.329813,5.190173,3.503839,0.707376,9.092782,3.817673,3.220854,16.719776,2.163595,14.710938,18.156912,14.588789,12.503684,17.658200,14.190903,20.758546,30.163191,33.023713,33.552462,30.208271,4.428250,9.226409,22.459039,-2.267308,-2.963178
0.696343,2.031002,0.324218,5.764692,5.426357,9.831855,8.266950,8.899967,3.764784,18.314051,10.740139,6.589579,14.983183,1.240784,19.417486,13.599028,8.285293,3.332887,31.655130,28.392816,22.224750,24.263323,43.643959,22.625122,-1.749646,-3.762387
1.549964,0.057454,2.826354,3.650231,7.329917,4.607101,7.768008,0.716105,15.103217,11.953591,2.404190,11.169841,16.358446,24.176792,17.458485,15.233607,19.206200,25.129688,3.304722,31.202184,13.101852,18.450480,16.982898,3.358079,-1.731128,-3.607653
1.176076,0.847396,5.008849,1.014706,2.344333,11.013999,2.397636,6.717048,16.326644,7.577201,16.486163,14.186525,17.209156,9.598796,27.957347,21.419834,16.710969,8.524193,16.214517,31.354496,20.652439,5.365872,18.696717,16.215605,-1.878014,-3.682755
0.438077,0.333141,4.444368,6.116321,0.790631,1.828034,1.358545,12.344146,8.223376,6.071309,21.566424,22.565593,11.818207,14.399931,22.272620,30.324162,10.987231,10.348081,36.341079,34.944339,40.823997,5.760684,21.277170,46.662780,-1.950909,-3.681350
0.397131,3.234986,0.181777,4.648650,9.931368,2.921748,0.152170,11.429781,11.134363,3.740386,20.777991,17.827552,6.380275,13.100548,20.372369,28.571821,16.912072,26.434440,24.808590,-0.623917,39.760855,32.089670,4.919269,25.185364,-999.000000,-999.000000
0.467101,2.511482,4.369583,2.686193,0.350916,0.315637,3.391063,2.374912,12.396949,15.753049,20.050199,13.144393,6.874040,23.061411,1.026835,4.125318,33.508909,35.021640,18.286268,25.777635,3.234985,19.293044,0.895390,38.949499,-1.981662,-3.519443
1.101462,1.478376,1.975123,7.482964,2.627346,2.147891,7.571254,7.993399,9.677273,8.426416,17.296068,11.430084,2.914199,9.769395,2.517478,2.076312,27.737387,19.032876,16.028270,2.921636,2.474000,41.498114,4.264024,7.237099,-2.028636,-3.131365
1.643036,1.368613,5.459276,1.748539,0.946695,4.011975,11.215739,11.417310,8.472896,13.728849,21.355584,0.897418,9.699011,2.697605,19.223352,26.541899,29.186863,11.825712,8.508864,33.484050,9.054690,42.277921,34.664352,9.462240,-2.267665,-3.186959
1.143286,0.526098,4.197932,0.385751,1.197541,6.605848,7.430975,4.029021,13.478444,12.522000,18.339545,4.755803,12.993343,14.449295,15.204528,12.744427,26.820368,29.647908,14.751649,6.576679,25.102125,1.631143,0.598895,7.868473,-1.549064,-3.838085
1.931795,3.002595,3.175019,7.487068,5.398424,5.816525,10.308557,14.663302,9.482436,15.851976,16.338639,14.755972,2.791536,2.059071,11.879870,18.302986,16.416674,7.310140,5.118820,32.454763,27.046933,4.701221,3.864938,19.410742,-2.824183,-2.190109
1.113571,2.254376,4.835153,4.899977,4.008194,2.209395,10.088256,5.135559,1.215953,9.161341,11.219111,16.978275,4.196713,24.663426,25.031749,29.362594,10.593447,25.038358,11.017315,39.136466,3.196345,0.029101,32.874490,6.599644,-2.403163,-2.894949
0.067364,2.882315,0.315696,1.425664,1.262934,1.428540,10.415930,4.427393,7.972028,3.112193,10.662625,17.595764,23.470603,14.750019,25.139775,26.826236,21.878597,2.744780,26.163175,37.271335,20.331674,41.136032,39.955513,45.928607,-1.312207,-4.262096
1.688795,2.344376,4.969874,1.776809,2.341922,1.379423,1.505433,3.120067,12.577476,6.748381,11.070095,17.015924,7.772589,1.047093,15.464402,11.685489,9.313213,1.371534,19.350117,14.713412,5.255977,3.900470,18.223170,34.517973,-2.112964,-2.705561
0.473196,0.884437,3.870725,4.675229,5.365117,10.321918,7.883172,0.917594,1.213720,10.743246,3.670737,14.440393,10.461383,8.662729,30.166859,7.340553,20.378265,14.450732,25.456739,8.160444,5.537434,32.647633,14.998882,2.191853,-999.000000,-999.000000
0.075106,3.097906,0.188690,6.799935,1.865346,7.707412,11.956216,7.480388,14.919338,17.359361,19.771082,8.927989,22.450641,5.736415,26.222326,-2.590538,2.112594,21.143260,22.727649,32.576454,18.059561,17.583907,34.793423,30.892515,-999.000000,-999.000000
1.449401,3.402874,4.391997,4.608531,7.648286,8.786311,11.160747,7.086560,1.449133,11.088534,3.533071,6.839571,8.945873,26.858512,29.158999,14.624691,27.093107,11.101330,11.276093,20.222212,36.580766,42.037135,12.859207,33.290238,-2.682383,-2.569728
0.376569,0.571960,1.414171,0.203944,2.133750,6.937202,13.158710,6.334129,12.542995,16.420289,17.762734,3.000267,25.442345,12.976831,8.859013,12.260053,23.266114,19.675433,10.538923,25.240719,9.550312,11.251198,17.445572,40.496464,-0.931383,-4.362477
0.890843,0.099672,5.238161,4.259054,1.194436,2.784539,-0.577826,9.511034,9.295042,16.152520,2.231404,15.269366,17.377363,15.199551,15.115835,29.763921,32.168261,27.237473,33.707164,33.908274,28.075212,16.830808,30.716119,2.336529,-999.000000,-999.000000
0.163771,0.805683,4.655640,5.444563,1.689543,8.883516,13.086949,4.093353,11.698781,0.375030,6.997553,6.646376,14.217528,-0.023315,20.034359,12.711112,26.968523,3.967752,37.304023,20.431153,8.474495,1.198023,7.099279,14.687268,-999.000000,-999.000000
0.273017,3.828317,1.308247,4.836283,-0.183985,10.270012,3.276995,13.462815,15.359681,6.217284,14.371815,11.569839,17.671626,12.556707,8.682234,7.384328,4.379820,35.387328,4.199214,26.877732,27.122565,22.073049,6.417616,39.920770,-999.000000,-999.000000
0.765557,1.722058,5.813578,1.052912,8.939585,3.246316,3.540169,3.543009,2.721394,10.145089,10.128936,21.827975,19.032626,18.809927,0.191752,22.256211,5.220179,35.555953,-0.394728,11.714011,0.017679,24.066948,32.967486,40.067932,-999.000000,-999.000000
0.696343,1.702582,0.324218,5.777749,5.426357,9.831855,3.349231,8.756374,3.764784,18.314051,10.740139,2.769918,14.983183,13.581613,22.263320,32.157523,7.962179,3.332887,31.655130,28.392816,22.224750,24.263323,43.643959,22.625122,-999.000000,-999.000000
1.101462,1.478376,1.975123,2.192730,1.565448,2.147891,7.571254,7.993399,9.677273,8.426416,17.296068,11.430084,27.259349,9.769395,2.517478,2.076312,27.737387,19.032876,16.028270,2.921636,2.474000,11.410726,4.264024,7.237099,-999.000000,-999.000000
1.912631,3.476886,3.508071,7.506332,1.681608,0.248268,3.043238,5.191961,3.680376,3.936119,19.572407,18.098939,20.879552,10.329301,11.477648,18.801749,2.631300,30.036692,5.192290,21.305876,32.272592,5.679204,16.581359,37.883137,-2.650164,-1.727497
1.912631,3.476886,3.175019,7.506332,1.681608,0.248268,3.043238,5.191961,3.680376,3.936119,19.572407,14.755972,20.879552,25.907695,11.477648,18.801749,2.631300,30.036692,5.192290,21.305876,32.272592,5.679204,16.581359,37.883137,-2.644304,-1.817236
1.912631,3.476886,3.508071,7.506332,1.681608,0.248268,3.043238,5.191961,3.680376,3.936119,11.035185,17.131155,6.242878,10.329301,9.581090,11.755654,2.631300,30.036692,5.192290,21.305876,32.272592,5.679204,16.581359,37.883137,-2.483694,-1.561028
1.912631,3.476886,4.733537,7.506332,1.681608,0.248268,3.043238,5.191961,3.680376,3.936119,19.572407,18.098939,20.879552,10.329301,11.477648,18.801749,2.631300,30.036692,5.192290,36.771088,32.272592,5.679204,16.581359,18.071825,-2.735569,-1.465267
1.912631,3.476886,5.282719,7.506332,1.681608,0.248268,3.043238,5.191961,3.680376,6.937991,11.035185,17.131155,6.242878,10.329301,9.581090,11.755654,2.631300,13.190013,5.192290,21.305876,32.272592,29.226874,16.581359,37.883137,-2.536285,-1.112712
0.133844,0.203129,0.899846,0.083781,9.759009,3.610750,3.095621,1.783270,8.388430,7.352391,0.954049,8.055221,24.350806,1.240078,23.333064,24.543177,8.065366,14.285457,17.206725,13.476002,21.630802,5.781523,13.015061,15.866531,-0.626536,-4.384672
0.133844,0.203129,0.899846,0.083781,9.759009,3.610750,3.095621,1.783270,8.388430,7.352391,0.954049,8.055221,24.350806,1.240078,23.333064,24.543177,8.065366,14.667183,17.206725,13.476002,21.428950,4.824498,13.015061,9.674969,-0.625785,-4.383921
1.912631,3.978445,5.282719,7.506332,1.681608,0.248268,3.043238,5.191961,3.680376,6.937991,11.035185,17.131155,6.242878,10.329301,9.581090,11.755654,2.631300,21.890035,5.192290,21.305876,12.119268,29.226874,16.581359,37.883137,-2.534379,-0.903861
1.912631,3.978445,5.282719,7.506332,2.633461,0.248268,3.043238,5.191961,11.814925,6.937991,11.035185,3.959039,6.242878,10.329301,9.581090,10.543544,2.631300,21.890035,5.192290,22.688298,12.119268,29.226874,16.581359,37.883137,-2.614174,-0.983655
0.013016,0.129175,0.181777,0.549879,9.931368,2.794462,3.023648,3.269280,11.134363,6.895798,16.891186,9.924602,8.623591,9.707408,5.416121,11.922961,8.259294,23.273973,7.652555,13.411496,6.643161,1.761893,14.083848,10.447101,-0.437521,-4.323463
1.957383,3.952936,5.929085,7.667435,2.636864,2.462322,3.999011,5.494357,4.860746,3.155043,5.824146,7.578595,11.040581,0.987723,4.126819,14.390339,8.683982,13.651849,8.508691,14.881068,38.919699,20.339562,9.702858,7.915391,-2.599718,-0.736663
1.957383,3.952936,5.929085,7.667435,2.636864,2.462322,1.574305,2.764082,2.708453,3.155043,5.824146,7.578595,11.040581,0.987723,9.609645,6.866316,8.683982,3.074176,8.508691,14.881068,16.446170,20.339562,14.245925,15.253863,-2.462814,-0.599759
0.093338,0.092262,0.064811,0.025280,8.820734,8.283136,6.141347,2.630207,2.907924,7.099826,4.797366,13.976385,6.388027,6.006373,8.280580,6.580963,6.315173,8.251605,8.909422,8.175544,10.454265,11.444641,10.047060,10.597509,-0.308039,-4.240155
1.995401,3.978953,5.983497,7.639774,1.250663,2.221777,0.134305,1.763100,2.801449,6.864916,7.768104,9.374737,9.554949,9.585189,10.938354,14.194026,8.015273,11.559185,11.309544,7.330409,11.949983,9.332964,12.853795,15.947145,-2.334635,-0.422028
0.010067,0.016555,0.021403,0.037728,9.763499,11.825708,3.207606,3.785941,3.754940,5.136287,3.531918,4.740828,3.656735,4.391441,4.521869,4.151791,3.944031,5.551264,7.002803,4.092308,4.553614,4.327298,3.490365,5.223387,-0.160992,-4.147189
1.995974,3.992666,5.989820,7.986584,0.668200,0.006340,0.107364,0.152645,4.758740,7.117822,7.411814,8.468259,8.662929,8.720805,9.384350,9.293040,9.867583,11.091997,10.746424,10.769209,11.627867,11.522518,12.135609,12.015142,-2.254343,-0.265693
0.003595,0.002419,0.013522,0.000068,9.908547,11.624729,3.654616,3.557789,3.334179,3.615355,3.533714,4.100406,3.650810,3.783934,4.158751,4.069171,3.753069,4.261649,3.744811,4.049229,4.029557,3.742229,3.296717,4.139024,-0.126628,-4.122958
1.997551,3.999944,5.996836,7.999646,0.033613,0.058685,0.047096,0.139206,5.590518,6.977143,7.357336,7.737223,8.569354,8.299900,8.946760,9.280849,9.486986,9.569630,10.383513,10.815716,10.759078,11.089665,13.395162,13.109618,-2.230078,-0.232921
0.003306,3.990622,5.994695,7.997184,0.113575,11.656965,0.025713,0.012338,6.612117,6.729203,7.348080,7.577244,8.162792,8.749765,8.749756,8.988124,9.381445,9.700874,10.060432,10.629278,9.962445,10.992215,11.432294,12.280455,-2.036801,-1.723152
1.999613,3.999936,0.002592,7.999646,0.127096,11.967695,0.012197,0.137043,3.491836,6.815032,7.370094,4.041308,8.267734,8.670038,8.997695,9.252025,9.863572,10.214773,10.460913,10.739031,13.239063,11.198907,11.781796,11.879212,-2.124806,-1.807469
1.999594,3.998680,5.996830,7.999786,0.015864,0.030909,0.335553,0.038058,8.160092,6.963572,7.480795,7.781592,8.072643,8.798603,9.789402,9.732759,9.926270,10.293459,10.420446,10.756870,11.327370,11.289110,11.777548,11.707997,-2.209193,-0.210902
0.000030,0.003766,0.004186,0.000228,9.979232,11.943938,3.138823,3.506533,3.788808,3.493308,3.666818,3.798169,3.644551,3.919879,3.620811,4.458568,3.611830,4.049981,3.629014,3.712519,4.007038,3.618525,3.564905,3.424445,-0.118681,-4.117359
1.999032,1.062997,2.388232,7.999758,1.148045,1.261490,0.996294,10.182479,3.599080,6.930075,7.461657,20.471190,8.369237,10.216186,9.053458,9.632485,9.787960,10.117735,10.465691,10.872434,11.142660,11.502183,11.795751,11.923865,-1.972129,-2.246026
0.000667,0.002466,0.002413,7.999051,9.981584,1.441627,4.508756,4.472959,3.682172,3.783794,3.943814,4.128337,4.090401,4.173705,4.193520,4.134746,4.347923,4.222818,4.183708,4.472702,4.019113,4.100055,4.063114,3.917237,-0.872541,-3.801056
1.101481,0.002959,0.006802,7.482932,2.619508,2.185864,7.682774,3.591089,3.526153,3.549115,3.943072,3.740622,3.786977,3.913892,3.668212,3.725684,3.922185,3.664573,3.637876,3.770309,3.316840,3.400344,3.255301,7.266929,-1.188873,-3.421925
1.101481,0.002959,0.442767,7.482932,2.619508,2.185864,3.672961,3.591089,3.526153,3.549115,3.943072,3.740622,3.786977,2.300059,3.668212,3.725684,3.922185,3.664573,4.164965,3.770309,3.316840,3.400344,3.255301,7.266929,-1.195185,-3.316782
0.376569,0.571960,1.414171,0.203944,2.133750,6.937202,13.158710,12.330349,12.542995,16.420289,17.762734,22.533607,11.737847,12.976831,8.859013,30.285874,23.266114,19.675433,10.538923,34.912031,9.550312,11.251198,17.445572,46.611411,-1.245169,-4.676263
1.714555,3.002595,3.175019,7.487068,5.398424,5.816525,10.308557,14.663302,9.482436,15.851976,16.338639,14.755972,24.767376,2.059071,11.879870,18.302986,2.069124,7.310140,5.118820,32.454763,27.046933,4.701221,3.864938,19.410742,-2.760296,-2.315574
1.999728,3.999893,5.999875,7.999868,0.142311,0.016368,0.011663,0.138206,8.023215,6.929702,7.777937,7.842389,8.306869,9.107199,9.042374,9.398567,10.329948,10.086802,10.457737,10.794256,11.130961,11.387896,11.609447,11.868755,-2.206494,-0.206809
1.999983,1.356689,2.749366,7.999426,0.015927,0.096606,0.128069,0.092891,7.990963,7.016739,7.432086,19.213078,8.278836,8.658653,9.098908,9.393105,9.802056,10.114133,10.454416,10.801238,11.107713,11.408249,11.649472,11.911131,-2.085869,-2.124525
0.000030,0.003766,0.004186,7.835874,2.977100,11.943938,3.138823,3.506533,3.788808,3.493308,3.666818,3.798169,3.644551,3.919879,3.620811,4.458568,3.611830,4.049981,3.629014,3.712519,4.007038,3.618525,3.564905,3.424445,-0.863702,-3.818797
1.101481,0.002959,0.442767,7.482932,2.619508,2.185864,3.672961,3.591089,3.526153,3.549115,3.944483,3.740622,3.786977,2.300059,3.668212,3.725684,3.922185,3.941903,4.086463,3.770309,3.316840,3.400344,3.795356,7.266929,-1.197015,-3.318612
0.376569,0.571960,1.414171,0.203944,2.133750,6.937202,13.158710,12.330349,12.542995,16.420289,17.762734,22.533607,11.737847,12.976831,8.859013,30.285874,23.266114,10.510082,10.538923,34.912031,9.550312,11.251198,17.445572,46.611411,-1.237938,-4.669032
1.999740,3.999828,5.999969,3.944913,0.029099,0.078472,0.044271,0.294176,8.391061,7.009709,13.585402,7.891570,8.335189,8.721819,9.086130,9.515319,9.804780,10.163406,10.515305,10.807713,11.185836,11.405763,11.717487,11.954217,-2.209997,-1.040758
1.931795,3.002595,5.928101,7.487068,5.398424,5.816525,10.308557,14.663302,9.482436,15.851976,7.749645,8.765614,8.104557,2.059071,11.879870,18.302986,16.416674,7.310140,5.118820,32.454763,27.046933,4.701221,3.864938,19.410742,-2.919054,-1.501868
0.376569,0.571960,1.414171,0.203944,2.133750,6.937202,13.158710,12.330349,12.542995,16.420289,17.762734,22.533607,11.737847,12.976831,8.859013,30.285874,23.266114,10.210412,10.562985,34.912031,9.550312,11.251198,11.772919,46.611411,-1.251706,-4.682800
1.799903,0.002959,0.442767,7.482932,2.619508,2.185864,3.672961,3.591089,3.526153,3.549115,3.944483,3.740622,3.786977,2.300059,3.668212,3.725684,9.146896,3.941903,4.086463,10.015534,3.316840,10.550498,3.795356,7.266929,-1.509558,-3.073048
1.999032,1.062997,2.388232,7.999758,1.148045,1.261490,0.996294,10.182479,8.193255,6.990063,7.461657,20.471190,8.369237,10.216186,9.053458,9.632485,9.787960,10.117735,10.465691,10.872434,11.142660,11.502183,11.795751,11.862544,-1.964646,-2.238543
1.999728,3.999893,5.999875,7.999868,9.068072,0.016368,9.359505,0.121620,8.023215,6.929702,18.588679,7.842389,8.306869,8.658125,9.039617,9.398567,9.767714,10.086802,10.457737,39.647429,11.130961,11.387896,11.609447,11.874282,-2.924549,-0.924863
1.999950,3.999756,2.381844,7.999894,0.271446,1.142651,0.978775,1.035431,3.648979,6.941516,7.409157,7.857026,8.244267,8.630356,9.044187,9.381493,9.789355,10.071084,10.398236,10.729080,11.025561,11.305752,11.594174,11.177164,-2.201227,-1.195616
1.931795,3.002595,3.175019,7.487068,5.398424,5.816525,10.308557,14.663302,9.482436,15.851976,16.338639,2.594640,2.791536,2.059071,11.879870,18.302986,16.416674,7.310140,5.118820,32.454763,27.046933,4.701221,0.204258,19.410742,-2.770466,-2.136393
0.000667,0.002466,0.002413,7.999051,9.981584,1.441627,4.508756,3.214706,3.682172,3.783794,4.347713,4.128337,4.090401,4.173705,4.193520,4.134746,4.347923,4.222818,4.183708,4.472702,4.019113,4.100055,4.063114,3.917237,-0.860564,-3.789078
1.799626,1.062997,2.388232,7.999758,2.051775,1.261490,1.560680,10.182479,8.193255,6.990063,7.461657,20.471190,8.369237,10.216186,9.053458,9.632485,9.787960,10.117735,10.465691,10.872434,11.142660,11.502183,11.795751,11.862544,-1.919260,-2.367673
1.923449,0.002959,0.442767,7.482932,2.619508,2.185864,3.672961,3.591089,3.526153,6.339598,3.944483,3.740622,3.786977,2.300059,3.668212,3.725684,9.146896,3.941903,4.086463,10.015534,3.316840,10.550498,8.777633,7.266929,-1.571981,-3.033380
0.376569,0.571960,1.414171,3.280332,2.133750,6.937202,4.488300,12.330349,16.276929,16.420289,17.762734,22.533607,11.737847,12.976831,8.859013,30.285874,23.266114,10.210412,10.562985,34.912031,9.550312,11.251198,11.772919,46.611411,-1.492476,-4.453007
1.999969,3.999950,5.999808,1.146461,0.038490,0.073149,7.760749,2.949161,7.849517,6.961470,7.401126,7.817157,8.270987,8.663916,9.042374,9.459038,9.739600,10.081013,10.449015,10.740974,11.019314,11.330989,11.636957,11.884296,-2.086386,-1.519055
1.999728,3.999893,5.999875,7.999868,9.068072,0.016368,9.359505,0.121620,8.449968,6.929702,18.588679,7.842389,8.306869,8.658125,19.190684,9.398567,9.767714,10.086802,10.457737,39.647429,11.130961,42.232977,11.609447,11.874282,-2.969200,-0.969515
1.176076,0.000248,5.008849,1.014706,9.973763,11.013999,2.397636,6.717048,16.326644,7.577201,16.486163,14.186525,17.209156,9.598796,27.957347,21.419834,16.710969,4.144381,16.214517,31.354496,20.652439,5.365872,18.696717,16.215605,-1.973011,-4.111432
0.000470,0.000968,1.414171,0.203944,9.985107,6.937202,13.158710,3.596739,12.542995,16.420289,17.762734,22.533607,11.737847,12.976831,8.859013,30.285874,23.266114,10.210412,10.562985,34.912031,9.550312,11.251198,11.772919,46.611411,-0.951228,-4.724980
1.032071,0.000248,5.008849,1.014706,9.973763,11.013999,9.555127,6.717048,16.326644,7.577201,16.486163,6.754468,17.209156,15.680879,27.957347,21.419834,16.710969,14.548535,9.601646,31.354496,20.652439,5.365872,18.696717,16.215605,-1.964880,-4.213490
1.999594,3.998680,0.531832,0.751084,9.153714,10.826150,0.335553,0.038058,8.160092,6.963572,7.480795,7.781592,8.072643,8.798603,4.194583,9.732759,9.926270,10.293459,10.420446,10.756870,11.327370,11.289110,11.777548,11.707997,-1.677112,-2.784761
1.931795,3.002595,3.175019,7.487068,9.994028,5.816525,10.308557,14.663302,9.482436,15.851976,16.338639,14.755972,2.791536,4.109859,11.879870,18.302986,4.091948,4.096225,5.118820,32.454763,27.046933,4.701221,3.864938,19.410742,-2.839133,-2.205059
0.000030,0.000970,0.002860,0.000266,9.978121,11.943938,2.982091,3.510888,3.266213,3.784966,3.496749,3.664887,3.653547,3.741560,3.559424,3.691983,3.604629,3.441004,3.632877,3.353144,3.284566,3.162579,3.257417,3.024831,-0.109522,-4.108919
0.696583,0.000248,5.008849,1.014706,9.973763,11.013999,9.555127,6.717048,16.326644,7.577201,16.486163,6.754468,17.209156,15.680879,27.957347,21.419834,16.710969,14.548535,31.656602,31.354496,22.251398,5.365872,18.696717,22.431877,-1.813741,-4.311935
0.000667,0.002466,0.002413,7.534631,9.981584,1.441627,3.308498,3.249088,3.682172,3.783794,4.347713,4.128337,4.090401,4.173705,4.193520,4.134746,4.347923,4.287578,4.183708,4.472702,4.019113,4.100055,4.063114,7.734784,-0.822877,-3.827677
1.931795,3.002595,5.928101,7.487068,5.398424,5.816525,10.308557,14.663302,9.482436,15.851976,15.680100,8.765614,8.104557,2.059071,11.879870,18.302986,16.416674,7.310140,5.118820,10.649397,27.046933,4.701221,3.864938,19.410742,-2.950509,-1.533323
1.999955,0.400183,5.999973,7.999960,0.147219,10.802763,0.011663,0.066282,7.909450,6.949530,7.417440,7.829653,8.252039,8.660107,9.036754,9.397179,9.759050,10.120918,10.412265,10.751440,11.042478,11.350656,11.620762,11.935180,-2.041739,-1.549800
1.999594,3.998680,0.531832,0.751084,9.153714,10.826150,0.335553,0.038058,8.160092,6.963572,7.480795,7.781592,8.072643,8.798603,9.054926,9.732759,9.926270,10.293459,10.420446,10.756870,11.327370,11.289110,11.649466,11.926392,-1.648669,-2.756318
0.000470,0.000968,0.000709,0.203944,9.985107,6.937202,13.158710,3.596739,12.542995,16.420289,17.762734,22.533607,4.401619,12.976831,8.859013,30.285874,4.660007,4.631295,10.562985,34.912031,4.833938,11.251198,11.772919,46.611411,-0.605543,-4.584844
0.896535,3.999943,5.999984,7.999896,0.039048,0.030274,0.107364,6.373014,7.781624,6.943823,7.385303,7.821007,8.233448,8.615690,9.009170,9.396971,9.692081,10.074649,10.390075,10.742645,10.990938,11.305017,11.605935,11.832758,-2.125620,-1.032326
0.000470,0.000968,0.000709,0.203944,9.985107,6.937202,13.158710,12.585924,12.542995,16.420289,17.762734,22.533607,4.401619,12.976831,8.859013,30.285874,16.289770,4.631295,10.562985,2.326790,4.833938,22.194681,41.159408,43.231059,-0.797306,-4.776607
1.101481,0.002959,0.442767,7.482932,2.619508,2.185864,3.672961,3.591089,3.526153,3.549115,3.944483,3.740622,3.786977,10.680265,3.668212,3.725684,3.922185,3.941903,4.086463,3.770309,10.879372,3.400344,11.279772,14.866351,-1.255617,-3.377214
0.133844,3.615852,0.899846,0.083781,9.759009,3.610750,3.095621,1.783270,8.388430,7.352391,0.954049,8.055221,24.350806,1.240078,23.333064,24.543177,8.065366,14.667183,17.206725,13.476002,21.428950,4.824498,11.593692,9.674969,-1.260263,-4.012353
1.999728,3.999893,5.999875,7.999868,9.492241,0.016368,9.359505,0.121620,8.449968,6.929702,18.588679,7.842389,2.868273,8.658125,19.190684,9.398567,9.767714,10.086802,10.457737,39.647429,11.130961,42.232977,11.609447,1.238199,-2.960893,-0.961208
1.999988,3.999944,5.999971,7.999963,0.029914,0.041308,0.192309,0.113755,8.182804,6.965794,7.426784,7.872746,8.283245,8.698091,9.078991,8.859845,9.799786,10.117760,10.465605,10.775347,11.079650,11.366351,11.653401,11.940341,-2.203369,-0.203415
1.912631,3.978445,5.282719,0.725403,2.633461,10.957292,3.043238,5.191961,11.814925,6.937991,11.035185,3.959039,6.242878,4.489386,9.581090,10.543544,2.631300,21.890035,5.192290,22.688298,12.119268,4.583794,16.581359,37.883137,-2.450086,-2.269730
1.931795,3.002595,5.928101,7.487068,5.398424,5.816525,10.308557,14.663302,9.482436,15.851976,15.680100,8.765614,17.212579,9.605393,11.879870,18.302986,16.416674,7.310140,5.118820,10.649397,20.657386,4.701221,3.864938,19.410742,-2.965319,-1.548132
0.000205,3.002890,0.000387,0.000076,9.999454,11.995260,4.974651,3.560009,3.602349,3.739297,3.836599,3.923235,3.986380,26.435984,4.046409,14.127543,26.581284,4.025949,10.661787,19.583302,3.912890,3.819920,3.767818,32.532862,-1.025274,-4.271380
1.931795,3.002595,5.928101,0.800332,9.000862,5.816525,10.308557,14.663302,4.048821,15.851976,15.680100,8.765614,8.104557,2.059071,11.879870,18.302986,16.416674,7.310140,5.118820,10.649397,27.046933,4.701221,3.864938,1.650289,-2.691113,-2.716976
1.800998,3.601648,5.999941,7.203663,1.121436,0.008233,0.064986,0.263963,8.031463,6.766697,7.409172,7.838758,8.263240,8.662360,8.581441,9.413052,9.761173,9.633710,10.430749,10.760255,11.036238,10.627923,11.617354,11.884804,-2.207396,-0.689163
1.957383,3.952936,0.600337,7.667435,2.636864,11.379503,3.999011,5.494357,4.860746,3.155043,5.824146,7.578595,11.040581,0.987723,4.061750,14.390339,8.683982,13.651849,8.508691,14.881068,38.919699,20.339562,9.702858,7.915391,-2.394070,-2.032547
0.000447,0.000134,4.267578,0.000246,9.992322,3.182919,5.454626,3.510888,3.706573,3.848349,3.999729,4.055489,4.125563,4.158621,4.211823,4.189059,4.347923,4.235277,4.196604,4.152808,4.006010,4.094724,4.030332,3.894676,-0.624840,-3.918089
1.032071,0.000248,5.008849,1.014706,9.973763,11.013999,9.555127,6.717048,16.326644,7.577201,16.486163,19.203835,17.209156,15.680879,9.089908,21.419834,16.710969,14.548535,9.601646,31.354496,11.079373,11.382150,18.696717,16.215605,-1.985205,-4.233815
0.225109,0.000248,5.008849,1.014706,9.973763,11.013999,9.555127,6.717048,16.326644,15.416982,16.486163,6.754468,17.209156,15.680879,27.957347,21.419834,16.710969,14.548535,9.390679,31.354496,22.251398,5.365872,18.696717,22.431877,-1.659282,-4.489675
1.032071,3.018604,5.008849,1.014706,9.973763,5.772746,9.555127,6.717048,16.326644,6.974278,16.486163,6.754468,17.209156,15.680879,20.171497,21.419834,16.710969,14.548535,9.601646,31.354496,20.652439,5.365872,18.696717,16.215605,-2.450823,-3.472606
1.999969,0.606020,5.999808,1.146461,0.038490,6.218100,7.760749,11.551117,7.849517,6.961470,7.401126,7.817157,8.270987,8.663916,9.042374,9.459038,9.739600,10.081013,10.449015,10.740974,11.019314,10.604944,11.636957,11.884296,-1.728492,-2.643235
1.931795,3.002595,5.928101,0.000257,9.982935,5.816525,10.308557,14.663302,9.482436,15.851976,15.680100,8.765614,17.212579,3.627729,11.879870,18.302986,16.416674,7.310140,5.118820,10.649397,20.657386,4.701221,3.864938,3.173999,-2.717837,-2.919268
0.000197,3.600230,0.003518,7.953448,9.991386,0.189249,7.639135,3.742803,4.027310,4.087025,4.198998,4.292714,4.413595,4.506171,4.546944,4.564186,4.622955,4.629954,4.642037,4.627619,4.620583,4.544541,4.516921,4.483894,-1.666130,-3.254156
1.912631,3.978445,5.282719,0.000325,2.633461,10.957292,3.043238,5.191961,11.814925,6.937991,3.841638,3.959039,6.242878,4.489386,9.581090,10.543544,2.631300,21.890035,5.192290,22.688298,12.119268,4.583794,16.581359,37.883137,-2.359530,-2.338299
0.000001,0.000313,2.388232,7.999758,1.148045,1.261490,0.996294,10.182479,3.318771,6.990063,7.461657,20.471190,8.369237,10.216186,9.053458,9.632485,9.787960,10.117735,10.465691,10.872434,11.142660,11.502183,3.082097,11.862544,-1.301386,-3.669800
1.032071,2.002781,5.008849,1.014706,9.973763,5.772746,9.555127,6.717048,16.326644,6.974278,16.486163,6.754468,17.209156,15.680879,20.171497,21.419834,16.710969,14.548535,9.601646,31.354496,20.652439,5.365872,18.696717,16.215605,-2.296598,-3.746786
0.000470,0.000968,0.000709,0.203944,9.985107,6.937202,13.158710,12.585924,12.542995,16.420289,17.762734,22.533607,8.723126,12.976831,8.859013,30.285874,16.289770,4.631295,10.562985,2.326790,4.833938,22.194681,41.159408,43.231059,-0.829441,-4.808742
1.999969,2.002414,5.008471,1.146461,0.038490,6.218100,7.760749,6.744796,7.849517,6.961470,7.401126,7.817157,8.270987,8.663916,9.042374,9.459038,16.751774,10.081013,10.449015,10.740974,11.019314,10.604944,11.636957,16.238317,-1.790877,-2.387416
1.032071,3.018604,5.008849,0.000322,9.973763,11.998461,9.555127,6.717048,16.326644,6.974278,16.486163,6.754468,17.209156,15.680879,20.171497,21.419834,16.710969,14.548535,9.601646,31.354496,20.652439,5.365872,3.752018,16.215605,-2.422596,-3.659816
1.899504,0.400183,5.999973,7.999960,0.147219,10.802763,0.011663,1.048826,7.909450,6.949530,7.417440,7.829653,8.252039,8.660107,9.846740,9.400111,9.759050,10.120918,10.412265,10.751440,11.042478,11.350656,11.620762,11.935180,-2.029921,-1.625744
1.799958,3.018604,5.008849,0.000322,9.973763,11.998461,9.555127,6.717048,16.326644,6.974278,16.486163,7.441372,17.209156,15.680879,20.171497,21.419834,16.710969,14.548535,9.601646,10.077664,20.652439,5.365872,3.752018,16.215605,-2.634452,-3.212123
1.032071,3.018604,2.020225,0.000322,9.973763,11.998461,9.555127,6.717048,16.326644,6.974278,16.486163,13.339001,16.787498,15.680879,20.171497,21.419834,16.710969,14.548535,9.601646,31.354496,20.652439,5.365872,8.487527,16.215605,-2.101292,-4.150199
1.799958,3.018604,2.514046,0.000322,9.973763,11.998461,9.555127,6.717048,11.909948,6.301869,16.486163,15.233208,17.209156,12.565008,20.171497,21.419834,16.710969,21.410224,9.601646,10.077664,20.652439,5.365872,3.752018,16.215605,-2.444784,-3.735669
0.896246,3.018604,2.514046,0.000322,9.973763,11.998461,9.555127,9.554776,11.909948,6.301869,16.486163,15.233208,17.209156,12.565008,19.956588,21.419834,16.710969,21.410224,9.601646,10.077664,20.652439,5.365872,3.752018,16.215605,-2.164615,-4.191023
0.000470,0.000968,4.835152,0.203944,9.985107,6.937202,13.158710,12.585924,0.792657,16.420289,17.762734,22.533607,8.723126,12.976831,8.859013,30.285874,16.289770,4.631295,11.023529,2.326790,3.201257,0.033896,41.159408,43.231059,-1.505788,-4.652508
1.599630,3.018604,5.008849,0.000322,9.973763,11.998461,9.555127,10.515386,16.326644,6.974278,16.486163,7.441372,17.209156,15.680879,20.171497,9.100239,16.710969,14.548535,9.601646,10.077664,20.652439,5.365872,3.752018,16.215605,-2.592278,-3.343891
1.999955,3.999883,5.999973,7.999856,0.147219,10.802763,0.011663,0.066282,7.909450,6.949530,7.417440,7.829653,8.252039,8.660107,9.036754,9.397179,9.759050,10.120918,10.412265,10.751440,11.139731,11.350656,11.608630,11.935180,-2.542263,-0.542380
0.000205,3.002890,0.000387,0.000076,9.999454,11.995260,4.974651,3.560009,3.602349,7.224822,3.836599,8.177354,3.986380,26.435984,4.046409,14.127543,26.581284,4.025949,10.977259,11.322977,3.912890,3.819920,3.767818,32.532862,-1.011877,-4.257983
1.125793,0.000108,0.000176,0.000075,4.284930,11.995260,5.074047,3.454167,3.602349,3.743142,3.836599,3.921524,3.988332,4.022561,4.046409,4.056841,4.049578,4.022524,3.984335,3.947962,3.888794,3.820942,3.754115,3.667890,-0.534993,-3.999085
1.931795,3.820626,5.928101,6.856573,5.398424,5.816525,10.308557,14.663302,9.482436,6.447445,15.680100,8.765614,17.212579,9.605393,11.879870,10.025187,16.416674,7.310140,5.118820,10.649397,20.657386,4.701221,3.864938,19.410742,-2.964545,-1.339799
1.999988,3.999997,1.975160,7.999979,0.029042,0.041308,0.192309,7.987202,8.182804,6.965991,7.426784,7.869994,8.281163,9.765906,9.064127,9.440529,9.793184,10.132242,10.468446,10.776678,11.079650,11.375298,11.653401,11.929414,-2.115982,-1.226546
1.999950,3.999756,2.381844,7.999894,9.982111,1.142651,0.978775,3.462262,3.648979,6.941516,7.409157,7.857026,3.624024,8.630356,9.044187,9.381493,9.789355,10.071084,3.431883,10.729080,11.025561,11.305752,11.594174,11.177164,-2.410139,-1.404528
1.800009,0.000130,5.400349,0.000070,1.225361,11.996913,5.082224,3.434120,7.816182,3.735730,3.848901,3.921479,3.984540,8.257808,4.043551,4.056726,4.055981,4.020416,3.997493,10.159442,3.888791,3.819465,3.754348,3.678440,-1.610707,-3.353267
1.931795,3.999987,5.928101,0.000257,9.982935,5.816525,10.308557,14.663302,8.395545,15.851976,15.680100,8.765614,17.212579,3.627729,9.091600,18.302986,16.416674,7.310140,5.118820,10.649397,20.657386,11.437855,11.705691,3.173999,-2.811376,-2.575080
1.912631,3.476886,4.733537,0.020464,1.681608,0.248268,3.043238,5.191961,3.680376,3.763374,19.572407,18.098939,20.879552,10.329301,11.477648,18.801749,2.631300,30.036692,5.192290,36.771088,32.272592,5.679204,16.581359,18.071825,-2.213049,-2.567978
1.931795,3.659368,3.175019,7.487068,9.994028,5.816525,10.308557,14.663302,9.482436,15.851976,16.338639,14.755972,2.791536,4.109859,11.879870,18.302986,4.091948,4.096225,5.118820,32.454763,27.046933,4.701221,16.488031,27.734079,-2.883323,-1.965321
0.896246,3.999755,2.514046,0.000322,9.973763,11.998461,9.555127,9.554776,11.909948,6.301869,16.486163,15.233208,17.209156,12.565008,19.956588,21.419834,16.710969,10.077680,3.439775,10.077664,20.652439,11.316020,3.752018,16.215605,-2.320594,-3.954188
1.999988,3.999959,5.999985,1.003889,8.988207,0.003162,12.832509,0.030016,8.182804,6.968173,7.423352,7.863127,8.284455,8.682396,9.407447,9.439366,16.918771,10.133531,10.459664,10.782407,11.086890,11.374444,11.657711,44.133093,-2.462796,-1.926453
1.719452,3.999997,4.965255,7.999999,0.041975,0.866528,0.212450,0.110695,8.249973,6.978168,7.435915,7.875241,8.294979,8.706249,9.083324,9.449991,9.806829,10.149459,10.482975,10.778300,11.098869,11.381897,11.665169,11.953416,-2.210765,-0.715833
0.000001,0.000313,2.388232,7.999758,1.148045,11.335252,0.996294,10.182479,3.318771,6.990063,7.461657,5.006600,3.478382,10.216186,9.053458,9.632485,9.787960,10.117735,10.465691,10.872434,11.142660,11.502183,3.082097,11.862544,-1.312117,-3.680531
1.032071,0.001569,2.020225,0.000322,9.973763,11.998461,13.181529,6.717048,16.326644,6.974278,16.486163,13.339001,16.787498,15.680879,20.171497,21.419834,16.710969,14.548535,9.601646,31.354496,20.652439,5.365872,8.487527,16.215605,-1.541817,-4.661792
1.032071,0.884437,2.020225,0.000322,9.973763,11.998461,13.181529,6.717048,16.326644,6.974278,16.486163,13.339001,16.787498,15.680879,20.171497,21.419834,16.710969,14.548535,9.601646,8.160444,20.652439,5.365872,8.487527,16.215605,-1.724812,-4.555713
0.000030,0.000097,0.000007,0.000096,9.999682,6.936545,13.140645,12.325602,3.598823,3.734287,3.841117,3.921457,3.985305,4.022612,4.045939,30.281675,23.260833,4.017161,3.985122,3.941098,3.887955,3.820942,3.744348,3.674249,-0.456952,-4.456910
0.000470,0.000968,0.000709,0.203944,9.985107,6.937202,13.158710,12.585924,12.542995,16.420289,17.762734,22.533607,8.723126,12.976831,8.859013,30.285874,16.289770,4.631295,10.562985,2.326790,2.200478,22.194681,41.159408,43.231059,-0.839211,-4.818512
1.999981,3.999997,5.999963,7.999999,9.973763,11.013999,9.555127,6.717048,16.326644,7.577201,16.486163,6.754468,17.209156,8.712118,9.091572,21.419834,16.710969,10.153470,9.601646,10.781966,20.652439,5.365872,18.696717,16.215605,-2.984983,-0.985009
0.896246,4.000000,2.514046,7.999979,9.973763,11.998461,9.555127,9.554776,11.909948,6.946364,7.394178,15.233208,17.209156,12.565008,9.028224,21.419834,16.710969,21.410224,9.601646,10.077664,20.652439,5.365872,3.752018,16.215605,-2.799369,-2.715433
1.999969,0.606020,5.589089,1.146461,0.038490,6.218100,7.760749,11.551117,7.849517,6.961470,7.401126,7.966346,8.270987,8.663916,9.042374,9.459038,9.739600,10.081013,10.449015,10.740974,11.019314,10.604944,11.636957,11.884296,-1.652691,-2.684766
1.912631,3.476886,5.282719,7.506332,1.681608,0.248268,3.043238,5.191961,3.680376,6.937991,19.965749,17.131155,6.242878,10.329301,9.581090,11.755654,2.631300,13.190013,5.192290,21.305876,32.272592,6.509172,16.581359,38.773474,-2.634344,-1.210771
0.896246,4.000000,5.610737,7.999979,9.973763,11.998461,9.555127,9.554776,11.909948,6.946364,7.394178,15.233208,8.917699,12.565008,9.028224,21.419834,16.710969,21.410224,9.601646,10.077664,20.652439,5.365872,3.752018,16.215605,-2.933903,-1.951633
1.912631,3.978445,5.282719,0.000325,9.472666,10.957292,3.043238,5.191961,11.814925,2.840530,3.841638,3.959039,4.000785,4.489386,9.581090,10.543544,2.631300,21.890035,5.192290,22.688298,12.119268,4.583794,16.581359,2.912894,-2.399606,-2.378374
0.200000,3.002890,0.000387,0.000076,9.999454,11.995260,4.974651,3.193809,3.602349,3.739297,4.197654,3.923235,3.986380,26.435984,4.046409,14.127543,26.581284,4.025949,10.661787,4.630358,3.912890,4.573771,3.767818,32.532862,-1.101709,-4.224671
1.999988,4.000000,5.999996,8.000000,9.973763,0.041308,0.192309,0.113755,8.182804,6.943177,7.426784,7.869994,8.281163,8.682547,9.064127,21.362243,9.793184,14.493964,10.468446,10.776678,11.079650,11.374124,3.685331,11.929414,-2.657118,-0.657129
1.799629,3.418593,5.999875,0.800310,8.988110,0.016368,0.011663,0.138206,8.023215,6.929702,7.777937,7.836210,8.306869,9.107199,9.042374,9.638663,10.329948,10.086802,10.457737,10.794256,11.130961,11.387896,11.609447,11.868755,-2.016183,-1.954455
1.799958,3.018604,5.008849,0.000322,9.973763,11.998461,9.555127,6.717048,16.326644,6.974278,7.027443,7.441372,17.209156,15.680879,20.171497,21.419834,11.230126,14.548535,9.601646,8.598470,20.652439,5.365872,3.752018,16.215605,-2.626461,-3.204131
1.912631,3.476886,5.282719,4.252538,1.681608,0.248268,3.043238,5.191961,3.680376,6.937991,19.965749,18.677415,6.242878,10.329301,9.581090,11.755654,2.631300,13.190013,5.192290,21.305876,31.941778,6.509172,16.581359,38.773474,-2.444233,-1.713039
0.000197,3.600230,0.003518,7.953448,1.124639,0.189249,7.639135,3.742803,4.027310,4.087025,4.198998,4.292714,4.413595,4.506171,8.495567,4.564186,4.622955,4.629954,4.642037,4.627619,10.258722,4.544541,4.516921,4.483894,-1.510105,-3.098132
0.376569,3.576625,1.414171,0.203944,2.133750,6.937202,13.158710,6.334129,3.555057,16.420289,17.762734,3.000267,25.442345,10.238296,8.859013,12.260053,23.266114,19.675433,10.538923,21.320054,9.550312,11.251198,17.362037,40.496464,-1.405674,-3.854667
1.688795,2.344376,4.969874,1.776809,2.341922,1.379423,1.505433,3.486350,12.577476,6.748381,11.070095,3.979643,7.772589,1.047093,15.464402,11.685489,9.313213,4.096060,19.350117,14.713412,5.255977,3.900470,18.223170,34.517973,-2.083288,-2.675885
0.896246,3.999755,2.514046,0.000322,9.973763,11.998461,9.555127,9.554776,11.909948,13.193538,16.486163,15.233208,17.209156,12.565008,19.956588,21.419834,16.710969,10.077680,3.439775,14.670567,20.652439,11.316020,9.677919,15.028012,-2.333812,-3.967406
0.000205,3.002890,0.000387,0.000076,9.999454,11.995260,4.974651,3.560009,3.602349,5.684223,6.016281,3.923235,7.784681,10.003590,4.046409,14.127543,26.581284,10.038531,10.661787,19.583302,3.912890,3.819920,3.767818,10.814084,-0.913226,-4.159332
0.696408,0.000092,0.000009,6.564594,9.999679,8.776041,5.074536,3.437565,3.600098,3.730547,3.835500,3.922210,3.981683,4.021344,4.045343,4.050571,4.040576,4.016668,3.983228,3.937319,3.886430,3.816255,3.743233,3.668430,-1.162893,-3.862816
1.343285,3.999993,5.999996,7.999987,0.133437,0.023942,0.012197,0.137043,8.044639,6.953438,7.408172,7.842994,8.260119,8.655808,9.043613,9.408599,9.765230,10.107084,15.404527,10.743716,11.056090,11.335873,11.620320,11.884246,-2.222555,-0.753520
1.999990,0.264415,0.325070,7.999987,0.023021,11.993464,0.210289,0.080829,8.048988,6.955867,7.414073,7.847553,8.270119,8.668029,9.044519,9.414812,9.767563,10.105066,3.975376,10.742639,3.877932,11.342510,3.736368,11.893579,-1.813616,-3.025938
0.000000,0.000085,0.000002,0.000069,9.999558,11.999672,3.015970,3.426194,3.266213,3.415487,3.484789,3.499925,3.550000,3.513911,3.501395,3.471716,3.462669,3.419868,3.289237,3.205036,3.194464,3.059222,2.958994,2.940544,-0.104205,-4.104181
1.125793,0.000108,0.000176,0.000075,4.284930,11.995260,1.865822,3.454167,3.602349,3.743142,3.836599,8.604245,3.988332,1.154479,4.046409,7.805754,4.049578,4.022524,3.984335,3.947962,3.888794,19.773730,3.754115,15.872813,-0.652431,-4.116524
1.912631,3.476886,4.733537,7.506332,0.037956,0.248268,3.043238,5.191961,3.680376,3.936119,19.572407,18.098939,8.236994,10.329301,11.477648,18.801749,2.631300,30.036692,5.192290,36.771088,32.272592,11.294670,16.581359,11.840383,-2.594987,-1.324685
1.176076,0.847396,5.008849,1.014706,2.344333,11.013999,2.397636,6.717048,3.507518,7.577201,16.486163,14.186525,17.209156,9.598796,27.957347,21.419834,16.710969,8.524193,16.214517,31.354496,20.652439,5.365872,18.696717,16.215605,-1.657662,-3.462403
1.032071,0.000248,5.008849,1.014706,9.973763,11.013999,9.555127,3.197554,3.460209,7.577201,16.486163,19.203835,17.209156,15.680879,9.089908,21.419834,16.710969,14.548535,4.694513,31.354496,11.079373,11.382150,18.696717,16.215605,-1.781705,-4.030315
1.931795,0.000968,0.000709,0.203944,9.985107,6.937202,10.231709,12.585924,12.542995,16.420289,17.762734,22.533607,8.723126,12.976831,8.859013,30.285874,16.289770,4.631295,5.122519,2.326790,4.833938,22.194681,41.159408,27.738047,-1.426845,-4.367925
0.896246,3.999891,5.999875,7.999868,0.142286,11.998461,9.555127,9.554776,11.909948,6.946364,7.777820,15.233208,8.917699,12.565008,9.028224,21.419834,16.710969,21.410224,9.601646,10.077664,20.652439,5.365872,11.610393,16.215605,-2.941002,-1.848013
0.000470,0.000968,1.414171,0.203944,9.985107,6.937202,13.158710,3.596739,17.149116,16.420289,17.762734,22.533607,11.737847,12.976831,8.859013,30.285874,23.266114,10.210412,10.562985,34.912031,9.550312,4.423561,11.772919,46.611411,-1.018136,-4.791888
1.032071,0.884437,2.020225,0.000322,9.973763,11.998461,13.181529,6.717048,16.326644,6.974278,16.486163,13.339001,16.787498,15.680879,20.171497,21.419834,16.710969,14.548535,9.601646,8.160444,20.652439,5.365872,8.487527,4.539603,-1.742758,-4.573659
1.101481,0.000093,0.442767,6.564592,2.619508,2.185864,3.672961,3.522503,3.526153,3.549115,3.943072,3.740622,3.786977,4.024121,3.668212,3.725684,3.922185,3.664573,4.164965,3.770309,3.316840,3.400344,3.255301,7.266929,-1.120088,-3.418018
1.999981,3.634976,5.999963,7.999999,9.973763,11.013999,9.555127,6.717048,16.326644,7.577201,16.486163,6.754468,17.209156,8.712118,9.091572,21.419834,16.710969,10.153470,25.452956,10.781966,20.652439,5.365872,18.696717,16.215605,-2.983219,-1.127842
0.896535,3.600012,5.999984,7.999896,0.039048,0.030274,0.855728,6.373014,7.781624,6.943823,7.385303,7.821007,8.233448,8.615690,9.009170,9.396971,9.692081,10.074649,10.390075,10.742645,10.990938,11.305017,11.605935,11.832758,-2.111064,-1.188831
1.999969,2.002414,5.008471,1.146461,0.038490,6.218100,7.760749,6.744796,7.849517,6.961470,7.401126,7.817157,7.776527,8.663916,9.042374,8.808516,9.109054,10.081013,10.449015,10.740974,11.019314,10.604944,11.636957,16.238317,-1.777460,-2.373998
1.999969,3.999950,4.909358,1.146461,0.038490,0.073149,7.760749,7.403418,9.247096,6.961470,7.401126,8.951563,8.270987,8.663916,9.042374,9.459038,9.739600,10.081013,10.449015,10.740974,11.019314,11.330989,12.342307,16.668142,-1.984281,-1.734723
0.000007,0.000085,0.000005,4.108365,3.985883,11.999927,4.953696,3.430191,3.584066,3.706543,3.818340,3.885775,3.976374,4.006627,4.029810,4.020175,4.005751,3.984459,3.943692,3.900236,3.858700,3.777458,3.716456,3.643418,-0.508504,-4.026801
1.999993,4.000000,5.999999,8.000000,0.029042,0.041308,0.192309,0.113755,17.647618,6.970361,7.426784,7.865503,18.300656,8.681289,9.070506,9.440529,9.792539,17.207767,10.458087,10.773897,11.085148,11.376948,4.353325,11.921960,-2.564774,-0.564780
1.999991,4.000000,5.999996,7.999990,9.484386,10.959664,3.012485,1.089696,3.615372,6.961934,7.416218,7.853074,8.274478,8.666483,9.578477,9.423507,9.781539,10.120816,10.441833,10.756192,11.058769,11.351961,11.635268,11.906790,-2.776526,-0.776536
1.912631,0.000008,5.282719,7.506332,2.633461,0.248268,3.043238,5.191961,11.814925,6.937991,11.035185,3.959039,6.242878,10.329301,4.503590,10.543544,2.631300,21.890035,5.192290,22.688298,12.119268,29.226874,16.581359,37.883137,-2.197170,-2.274911
1.198252,3.999950,4.909358,7.597578,0.038490,0.073149,7.760749,7.403418,9.247096,6.961470,7.401126,8.951563,8.270987,8.663916,9.042374,9.459038,9.739600,10.081013,10.449015,0.860284,11.019314,11.330989,12.342307,16.668142,-2.386833,-1.432349
0.896246,3.018604,5.999987,0.000322,9.973763,11.998461,9.555127,9.554776,11.909948,6.301869,16.486163,15.233208,17.209156,12.565008,19.956588,21.419834,16.710969,21.410224,9.601646,10.077664,20.652439,5.365872,3.752018,16.215605,-2.517495,-3.589681
0.896246,3.018604,5.999987,7.200006,1.123770,11.998461,9.555127,9.554776,11.909948,6.301869,16.486163,15.233208,17.209156,12.565008,19.956588,21.419834,16.710969,21.410224,9.601646,10.058936,20.652439,5.365872,3.752018,16.215605,-2.873735,-2.376982
1.799996,0.003766,0.004186,7.835874,2.977100,1.192384,3.138823,3.506533,3.788808,3.493308,3.666818,3.798169,3.644551,3.919879,3.620811,4.458568,3.611830,4.049981,3.629014,3.712519,4.007038,3.618525,3.564905,3.424445,-1.430231,-3.040893
0.438077,0.333141,4.444368,0.049392,0.790631,11.979092,1.358545,12.344146,8.223376,6.071309,21.566424,22.565593,3.999360,14.399931,22.272620,30.324162,10.987231,10.348081,36.341079,34.944339,40.823997,5.760684,21.277170,46.662780,-1.439870,-4.304169
0.000001,0.000014,0.000709,0.203944,9.999516,6.937202,13.158710,3.596739,12.542995,16.420289,3.765875,22.533607,3.896803,12.976831,8.859013,30.285874,4.660007,4.631295,10.562985,34.912031,4.833938,11.251198,11.772919,46.611411,-0.554375,-4.534054
1.999990,0.002959,5.999990,7.482932,2.619508,2.185864,3.672961,3.591089,3.526153,3.549115,3.944483,3.740622,3.786977,2.300059,3.668212,3.725684,9.146896,3.941903,4.086463,10.015534,3.316840,10.550498,3.795356,7.266929,-2.260898,-2.055900
1.799958,4.000000,5.008849,7.999985,9.973763,11.998461,0.299400,6.717048,16.326644,6.974278,16.486163,7.441372,17.209156,15.680879,20.171497,21.419834,9.726395,14.548535,9.601646,10.077664,11.009167,5.365872,3.752018,16.215605,-2.970355,-1.397039
1.999988,3.999959,5.999985,1.003889,8.988207,0.003162,12.832509,0.616545,2.344168,6.968173,7.423352,7.863127,8.284455,8.682396,9.407447,9.439366,16.918771,10.133531,10.459664,10.782407,11.086890,11.374444,11.657711,44.133093,-2.382559,-1.846216
0.696583,0.000248,5.008849,1.014706,9.973763,11.013999,9.555127,3.435062,16.326644,3.729648,16.486163,6.754468,17.209156,15.680879,27.957347,21.419834,16.710969,14.548535,31.656602,3.936234,22.251398,5.365872,18.696717,22.431877,-1.735261,-4.233456
0.376569,0.571960,1.414171,0.203944,2.133750,6.937202,13.158710,12.330349,12.542995,16.420289,17.762734,22.533607,11.737847,2.050156,8.859013,18.345033,23.266114,10.510082,10.538923,34.912031,9.550312,4.735587,17.445572,46.611411,-1.060403,-4.491497
1.912631,3.978445,5.282719,0.725403,9.013636,10.957292,3.043238,5.191961,11.814925,6.937991,11.035185,3.959039,6.242878,4.479492,9.581090,10.543544,2.631300,21.890035,5.192290,22.688298,12.119268,4.583794,4.522697,37.883137,-2.594995,-2.414639
1.176076,0.847396,5.008849,1.014706,2.344333,1.160366,0.475859,6.717048,3.507518,7.577201,7.046068,14.186525,17.209156,9.598796,27.957347,21.419834,16.710969,8.524193,16.214517,31.354496,20.652439,10.572305,18.696717,16.215605,-1.644404,-3.449145
0.896246,3.999755,2.514046,0.000322,9.973763,11.998461,9.555127,9.554776,4.419359,6.301869,16.486163,15.233208,17.209156,12.565008,5.627492,21.419834,16.710969,10.077680,3.439775,10.077664,20.652439,11.316020,4.325368,1.901045,-2.234755,-3.868349
1.101481,3.999959,0.442767,7.482932,2.619508,2.185864,3.672961,3.591089,3.526153,3.549115,7.395223,3.740622,3.786977,2.300059,3.668212,3.725684,3.922185,3.941903,10.407438,3.770309,3.316840,3.400344,3.795356,44.070727,-2.071305,-2.526147
1.931795,3.002595,5.928101,0.800332,9.000862,5.816525,0.818163,14.663302,4.048821,15.851976,15.680100,7.489366,7.872935,2.059071,8.592127,18.302986,16.416674,7.310140,5.118820,10.649397,27.046933,4.701221,10.905255,1.650289,-2.542762,-2.568624
1.999901,0.402958,0.000000,0.000247,1.633394,11.034323,7.639135,3.662087,3.909493,4.052966,4.189035,4.282058,4.373348,4.459686,4.504260,4.533580,4.558239,4.578437,4.585106,4.555918,4.092469,4.499705,4.451725,4.365786,-0.967156,-3.761420
0.025112,3.999828,4.408871,3.944913,0.029099,0.078472,0.044271,0.294176,8.391061,7.009709,13.585402,7.891570,8.335189,8.721819,9.086130,9.515319,16.140856,10.163406,8.744082,10.807713,11.185836,11.405763,11.717487,11.954217,-1.885599,-2.893517
1.799958,3.018604,5.399999,0.000322,9.973763,11.998461,9.555127,0.466314,11.909948,6.301869,16.486163,15.233208,7.843128,12.565008,20.171497,21.419834,9.208579,21.410224,9.601646,10.077664,20.652439,10.605964,3.752018,16.215605,-2.665767,-3.129730
0.896535,0.000087,0.000000,7.999896,0.039048,11.999106,0.107364,6.373014,7.781624,6.943823,7.385303,7.821007,3.622245,8.615690,9.009170,3.621663,9.692081,3.490754,10.390075,10.742645,10.990938,11.305017,11.605935,11.832758,-1.386241,-3.679433
1.999985,3.999997,4.620987,7.999990,0.041975,0.023968,0.212450,0.110695,8.252831,6.978168,7.435915,14.275770,8.292318,8.695623,9.083554,9.452248,9.806829,10.149864,10.475419,10.780388,11.097958,11.389976,11.672790,11.953416,-2.228865,-0.597556
1.923449,3.600008,5.399999,7.482932,0.996550,2.185864,3.672961,3.591089,7.573190,6.339598,7.064339,3.740622,3.786977,2.300059,3.668212,3.725684,9.216712,3.941903,4.086463,10.015534,3.316840,10.550498,10.868172,11.105283,-2.560143,-1.048960
0.399998,3.402890,0.000001,0.000016,9.999631,11.999674,5.086774,3.438264,3.595492,3.731259,4.547471,3.918331,3.978259,4.018540,4.042624,4.049695,4.039856,4.018192,11.296546,3.936821,3.879630,3.815781,3.743647,3.665288,-1.157344,-4.019621
0.200000,3.002890,4.645352,0.000076,9.999454,11.995260,4.974651,3.193809,3.602349,14.940470,4.197654,3.923235,3.986380,26.435984,14.332144,14.127543,26.581284,4.025949,10.661787,4.630358,3.912890,4.573771,3.767818,32.532862,-1.860329,-3.881828
0.112582,0.571960,1.414171,0.203944,2.133750,6.937202,13.158710,12.330349,12.542995,16.420289,17.762734,22.533607,11.737847,2.050156,8.859013,18.345033,3.573947,10.510082,10.538923,3.404236,9.550312,4.868961,17.445572,46.611411,-0.939726,-4.514824
0.896246,3.999891,5.999875,7.999868,9.999744,11.998461,9.555127,9.554776,11.909948,6.946364,4.189042,15.233208,8.917699,12.565008,4.507696,21.419834,16.710969,4.572868,9.601646,10.077664,20.652439,5.365872,11.610393,16.215605,-2.949069,-1.856080
0.896246,2.628571,2.514046,0.000322,9.973763,11.998461,9.555127,9.554776,11.909948,13.193538,15.971433,15.233208,17.209156,12.565008,19.956588,23.459801,16.710969,10.077680,3.439775,14.670567,20.652439,11.316020,9.677919,15.028012,-2.108952,-4.286493
1.999728,3.999893,0.600000,7.999868,9.068072,0.016368,9.359505,0.121620,8.023215,6.929702,18.588679,7.842389,8.306869,8.658125,9.039617,9.398567,4.611284,4.627306,10.457737,39.647429,11.130961,4.568531,11.609447,11.874282,-2.563722,-2.072121
1.999969,3.999950,4.909358,0.000322,0.038490,0.073149,9.580323,7.403418,9.247096,6.961470,7.401126,8.951563,8.270987,8.663916,9.042374,9.459038,9.739600,10.081013,10.449015,10.740974,11.019314,11.330989,12.342307,16.668142,-1.949538,-1.951457
0.896246,1.462983,2.514046,0.000322,9.973763,11.998461,9.555127,9.554776,11.909948,13.193538,16.486163,15.233208,17.209156,12.565008,19.956588,21.419834,16.710969,10.077680,3.439775,14.670567,20.652439,12.223460,9.677919,15.028012,-1.863374,-4.472690
1.032071,0.001569,2.020225,0.000322,9.973763,11.998461,13.181529,6.717048,16.326644,14.110263,16.486163,16.328073,16.787498,15.680879,20.171497,21.419834,16.710969,14.548535,9.601646,15.680347,20.652439,5.365872,8.487527,16.093329,-1.598892,-4.718867
1.101481,0.000093,0.442767,5.246369,2.619508,2.185864,3.667092,8.982796,3.526153,3.549115,3.943072,3.740622,3.786977,4.024121,3.668212,3.725684,3.922185,3.664573,4.164965,3.770309,3.316840,3.400344,3.255301,7.266929,-1.029826,-3.571033
0.896535,3.600010,0.000000,7.999896,1.014323,11.999106,0.107364,6.373014,17.155436,6.943823,7.051038,7.821007,3.622245,8.615690,9.009170,3.621663,9.692081,3.490754,10.390075,10.742645,10.990938,11.305017,11.605935,11.832758,-1.982019,-2.804610
0.376550,3.018604,2.514046,0.000322,3.021241,11.998461,9.555127,9.554776,11.909948,6.301869,16.486163,15.233208,17.209156,12.892725,19.956588,30.193470,16.710969,21.410224,9.601646,10.077664,20.652439,5.365872,11.642561,16.215605,-1.667201,-4.089172
1.999969,2.002414,5.008471,1.146461,0.038490,6.218100,7.760749,6.744796,7.849517,6.961470,7.401126,6.795107,9.680305,8.663916,9.042374,8.808516,9.109054,10.081013,10.449015,10.740974,11.019314,12.412919,11.636957,16.238317,-1.785307,-2.381846
1.799996,0.003766,0.004186,7.835874,2.977100,1.192384,3.138823,3.506533,3.788808,3.493308,3.666818,3.798169,3.644551,3.919879,4.518085,4.458568,3.611830,4.049981,3.629014,3.712519,4.007038,3.618525,3.564905,3.424445,-1.429195,-3.039857
1.101481,0.002959,0.000422,0.783628,2.619508,2.185864,7.682774,3.591089,3.526153,3.549115,3.943072,3.740622,3.786977,4.427284,3.668212,3.725684,3.922185,3.664573,3.637876,3.770309,3.316840,3.400344,3.255301,7.266929,-0.682310,-4.048297
1.999993,0.000005,0.000004,8.000000,9.999689,11.999503,0.306386,3.441443,3.597206,6.964749,3.834827,3.920578,8.273083,4.021950,4.042906,4.050571,4.038918,4.017051,3.980318,3.935413,3.879370,3.814382,3.743154,3.665647,-1.926147,-3.340364
1.999032,1.062997,2.388232,7.999758,1.148045,6.397791,13.419894,12.391432,8.193255,6.990063,7.461657,20.471190,8.369237,10.216186,9.053458,9.632485,9.787960,10.117735,10.465691,10.872434,11.680210,4.525117,11.795751,11.862544,-2.412360,-2.686258
1.301480,3.018604,2.514046,0.000322,9.973763,11.998461,3.366949,3.256553,11.909948,3.901881,16.486163,15.233208,17.209156,12.565008,20.171497,21.419834,16.710969,21.410224,9.601646,4.511471,20.652439,5.365872,3.752018,16.215605,-2.102572,-3.805693
1.999988,3.999997,1.975160,7.999979,9.003544,0.041308,0.192309,7.987202,8.182804,6.965991,7.426784,7.869994,4.406652,9.765906,9.064127,9.440529,9.793184,10.132242,10.468446,10.776678,11.079650,11.375298,11.653401,11.929414,-2.415591,-1.526155
0.000001,0.000004,0.000008,0.000012,9.999689,11.996725,5.087313,3.433914,11.935532,3.730128,3.834694,3.920567,3.979244,12.569013,4.045781,4.048533,4.038918,4.018127,3.984226,3.936047,20.658438,3.814314,3.743118,3.665647,-0.307669,-4.307666
1.999994,0.052317,5.999999,0.049381,0.023021,0.030294,0.208907,0.080829,4.064111,6.956569,7.414073,7.847883,4.185920,8.662740,9.044519,9.414812,9.770742,10.106210,10.436195,10.746642,11.050810,11.343433,11.620714,11.895125,-1.787339,-3.169443
1.032071,3.018604,5.008849,1.014706,9.973763,5.772746,9.555127,6.717048,16.326644,6.974278,16.486163,3.741040,17.209156,15.680879,20.171497,3.726408,16.710969,14.548535,9.601646,31.354496,20.652439,5.365872,18.696717,7.266983,-2.411350,-3.433133
1.348022,0.000005,0.000003,0.000037,9.999689,11.999503,5.075668,3.441443,3.597206,3.727457,3.834827,3.920578,3.978700,4.019290,4.042906,4.050571,4.038918,4.015713,3.980318,3.935413,3.879370,3.814382,3.743154,3.665647,-0.776890,-4.114377
0.199999,3.999999,5.999999,7.999998,0.137598,11.999085,0.012945,3.126757,8.019480,6.950530,7.407834,7.839293,8.256725,4.532684,9.037242,9.407836,9.761460,10.099061,10.430937,10.740823,11.042325,11.334711,11.610043,11.877418,-2.243701,-1.751789
1.999994,3.999998,4.422461,7.999987,0.023021,6.141122,0.208907,0.080829,8.048988,12.038605,7.414073,7.847883,8.261462,8.662740,9.044519,9.414812,15.950609,10.106210,10.436195,10.746642,11.050810,11.343433,17.280797,11.895125,-2.410410,-0.833335
1.931795,3.002595,5.928101,0.000257,9.982935,5.816525,10.308557,14.663302,9.482436,15.851976,15.680100,8.765614,17.212579,3.627729,11.879870,18.302986,16.416674,7.310140,5.118820,10.649397,20.657386,3.976619,3.864938,3.173999,-2.717745,-2.919176
1.999985,0.000134,4.267578,0.000246,9.992322,3.182919,5.454626,0.108177,3.706573,3.848349,3.999729,4.055489,4.125563,4.158621,4.211823,4.189059,4.347923,10.149928,4.196604,10.780707,4.006010,4.094724,4.030332,3.894676,-1.562094,-3.447165
1.999993,3.999989,5.999999,7.999998,0.021328,0.003162,0.319415,0.030016,16.083893,6.970801,7.427402,7.863127,8.281070,8.682396,9.068465,9.439366,9.792666,10.133531,10.462434,10.777908,11.084695,11.375385,2.974256,11.929009,-2.437828,-0.437839
1.912631,3.900391,3.175019,7.506332,1.681608,0.248268,3.043238,5.191961,3.680376,3.936119,19.572407,14.755972,20.879552,25.907695,11.477648,18.801749,2.631300,30.036692,5.192290,21.305876,32.272592,5.679204,16.581359,12.624170,-2.685193,-1.676159
1.931795,3.659368,5.638823,7.999976,9.994028,5.816525,10.308557,14.663302,9.482436,15.851976,16.338639,14.755972,2.791536,4.109859,11.879870,18.302986,4.091948,10.137284,10.465093,32.454763,27.046933,4.701221,10.801840,27.734079,-2.972354,-1.258980
1.999994,0.946307,5.999999,7.999987,0.023021,0.030294,8.367977,0.080829,8.048988,7.697578,7.370883,7.847883,8.261462,8.662740,11.554018,9.414812,9.770742,10.106210,10.436195,10.746642,11.050810,11.343433,11.620714,11.895125,-2.124284,-1.394798
0.000004,1.462983,0.000206,0.000322,9.973763,11.998461,9.555127,9.554776,11.909948,13.193538,16.486163,15.233208,17.209156,12.565008,3.513317,21.419834,16.710969,3.407471,3.439775,14.670567,20.652439,12.223460,9.677919,15.028012,-0.815026,-4.487493
1.249402,3.999893,5.999875,7.999868,9.492241,0.016368,9.359505,0.121620,8.449968,6.929702,3.175280,7.842389,2.868273,8.658125,19.190684,14.087863,9.767714,10.086802,10.457737,39.647429,11.130961,41.283436,11.609447,1.238199,-2.700789,-1.309964
1.999901,0.400075,0.000000,0.000247,9.001663,11.034323,7.639135,3.662087,3.909493,4.052966,4.189035,4.282058,4.017812,4.459686,4.504260,4.533580,4.558239,4.578437,4.585106,4.555918,4.092469,4.499705,4.451725,4.365786,-1.146902,-3.942155
1.799995,0.000968,0.000709,0.203944,9.985107,1.232277,10.231709,12.585924,12.542995,6.610577,17.762734,22.533607,8.723126,12.976831,8.859013,30.285874,16.289770,4.631295,5.122519,10.024444,4.833938,22.194681,10.784938,27.738047,-1.326201,-4.353473
1.079868,4.000000,5.999999,7.999998,2.129971,11.114240,0.678845,0.973839,1.880103,6.951525,7.405837,7.839293,8.255642,8.655615,9.041879,9.403904,14.993435,10.099190,6.918089,10.737451,11.036600,11.326877,11.607528,11.877418,-2.382451,-1.133749
1.101481,0.000003,0.442767,5.246369,2.619508,2.185864,3.667092,8.982796,3.526153,3.549115,3.943072,3.740622,3.786977,4.034828,3.668212,3.725684,3.922185,3.664573,4.164965,3.770309,3.842673,3.400344,3.255301,7.266929,-1.028215,-3.569455
1.143286,0.526098,4.733537,0.385751,1.197541,6.605848,3.070470,5.181042,3.713220,12.522000,18.339545,18.103455,12.993343,10.334671,15.204528,12.744427,26.820368,29.647908,14.751649,6.576679,32.280544,1.631143,0.598895,7.868473,-1.592259,-3.745221
0.200004,0.001569,2.020225,0.000322,9.973763,11.998461,13.181529,9.342670,16.326644,14.110263,16.486163,16.328073,16.787498,15.680879,20.171497,21.419834,16.710969,14.548535,4.146775,15.680347,20.652439,5.365872,8.487527,16.093329,-1.219829,-4.819393
0.896246,3.699496,2.514046,0.000322,9.973763,11.998461,9.555127,9.554776,11.909948,11.981185,16.486163,15.233208,17.209156,12.565008,19.172439,21.419834,16.710969,10.077680,3.439775,14.670567,20.652439,12.223460,9.677919,15.028012,-2.287435,-4.043021
0.200004,0.001569,2.020225,0.000008,9.973763,11.998461,13.181529,9.342670,16.326644,14.110263,16.486163,16.328073,16.787498,15.680879,20.171497,21.419834,16.710969,14.548535,4.146775,15.680347,20.652439,5.365872,8.487527,16.093329,-1.219788,-4.819392
1.999994,2.834724,3.645099,3.979503,4.380009,4.076169,8.405566,0.681437,2.832639,6.926105,14.952224,19.361180,21.321396,4.417507,16.982836,9.205691,29.940167,24.949069,26.079706,36.440875,40.307548,3.498608,43.135562,14.382428,-2.470396,-2.480405
1.032071,3.018604,5.008849,1.014706,9.973763,5.772746,9.555127,6.717048,16.326644,6.974278,16.486163,3.741040,4.200235,15.680879,20.171497,3.726408,16.710969,14.548535,10.039120,31.354496,20.652439,5.365872,18.696717,7.266983,-2.332180,-3.353963
1.912631,3.978445,5.282719,1.600300,2.633461,10.957292,3.043238,5.191961,11.814925,6.937991,11.035185,3.959039,6.242878,4.489386,9.581090,10.543544,2.631300,21.890035,5.192290,22.688298,12.119268,5.297359,16.581359,37.883137,-2.501357,-2.129320
1.032071,2.002781,5.008849,1.014706,2.245679,5.772746,9.555127,6.717048,12.544040,6.974278,17.766221,6.754468,17.209156,15.680879,20.171497,21.419834,16.710969,14.548535,9.601646,31.354496,20.652439,11.263722,18.696717,16.215605,-1.890134,-3.340322
0.896246,1.462983,2.514046,0.000322,9.973763,11.998461,13.204381,9.554776,11.909948,13.193538,16.486163,15.233208,17.209156,12.565008,19.956588,21.419834,16.710969,10.077680,3.439775,14.670567,8.679174,12.223460,9.677919,15.028012,-1.891398,-4.500714
1.799956,3.002890,0.000387,7.199857,9.999454,11.995260,4.974651,3.560009,3.602349,3.739297,3.836599,3.923235,3.986380,26.435984,4.046409,14.127543,26.581284,4.025949,10.661787,19.583302,3.912890,3.819920,10.820179,32.532862,-2.386682,-2.857496
1.799969,3.999950,4.309358,1.146461,1.012209,0.073149,7.760749,7.403418,9.247096,6.961470,7.401126,8.951563,8.270987,8.148659,9.042374,9.459038,9.739600,10.081013,10.449015,10.740974,11.019314,11.330989,12.342307,16.668142,-1.925548,-2.027092
1.999594,3.998680,0.531832,0.751084,9.153714,10.826150,0.335553,0.038058,8.160092,6.963572,7.480795,7.781592,7.780709,8.798603,9.054926,8.812653,9.926270,9.419874,10.353096,10.756870,11.327370,11.289110,11.649466,11.926392,-1.654785,-2.762435
1.999991,4.000000,5.999996,7.999990,9.484386,10.959664,3.012485,1.089696,3.615372,6.961934,7.416218,7.853074,8.274478,4.017336,9.578477,9.423507,9.781539,10.120816,10.441833,3.930723,3.875100,11.351961,3.737255,3.657515,-2.836618,-0.836628
0.000004,0.000005,0.000001,0.000005,9.999703,11.999884,5.083504,4.394932,3.595296,3.727652,3.835846,16.228871,3.978378,13.005629,4.042131,23.332151,4.038792,23.039199,3.981076,3.937044,3.879685,3.815711,3.742767,3.664104,-0.389302,-4.389299
0.696583,0.000248,5.008849,1.014706,9.973763,11.013999,9.555127,3.435062,8.347981,3.729648,16.486163,8.049729,17.209156,15.680879,27.957347,24.535460,16.710969,14.548535,31.656602,13.467079,22.251398,4.813385,18.696717,22.431877,-1.674080,-4.172275
0.896246,3.699496,2.514046,7.995343,9.973763,11.998461,9.555127,9.554776,8.561922,11.981185,16.486163,15.233208,17.209156,8.299104,19.172439,21.419834,16.710969,10.077680,3.439775,14.670567,20.652439,12.223460,11.001420,15.028012,-2.774174,-2.823187
1.999032,1.062997,2.388232,7.999758,9.003599,1.261490,0.996294,10.182479,3.599080,6.930075,7.461657,20.471190,8.369237,4.257604,9.053458,9.632485,4.379345,10.117735,4.442431,10.872434,11.142660,11.502183,11.795751,4.198752,-2.162330,-2.436228
1.688795,3.978445,4.969874,1.776809,2.341922,1.379423,1.505433,3.486350,12.577476,6.748381,11.070095,3.960928,7.772589,1.047093,15.464402,11.685489,9.313213,4.096060,19.350117,14.713412,12.122274,3.900470,18.223170,34.517973,-2.240660,-2.117581
1.999987,3.821635,0.899846,1.663125,9.759009,7.335829,5.422572,1.783270,6.908525,6.963230,0.954049,8.055221,24.350806,8.696285,15.221260,27.713885,1.503871,14.285457,10.460953,13.476002,21.630802,5.781523,9.180376,11.935090,-2.144463,-3.027375
0.010067,0.016555,0.021403,7.377665,9.763499,11.825708,3.207606,3.785941,3.754940,5.136287,3.531918,4.740828,3.656735,4.391441,4.521869,9.607387,3.944031,9.468135,7.002803,4.092308,4.553614,10.557334,12.233666,5.223387,-0.987335,-4.002828
1.101481,0.399065,0.599471,7.482932,2.619508,2.185864,3.672961,3.591089,3.526153,3.549115,3.944483,3.740622,3.786977,2.300059,3.668212,3.725684,3.922185,3.941903,4.086463,4.584527,3.316840,3.400344,3.795356,7.266929,-1.290184,-3.215825
0.000000,1.719388,0.000004,0.300025,9.999646,11.999854,5.088467,3.430216,3.594163,3.727457,3.835500,12.678987,15.876722,4.020435,4.042564,4.048205,4.038907,4.015694,3.981259,3.934953,3.879716,3.814382,3.741983,27.253911,-0.724749,-4.292573
1.999994,4.000000,5.999999,7.999990,0.019492,0.096674,0.128069,0.084142,8.022654,6.952215,7.406345,7.860350,8.257754,8.655184,9.040421,9.407175,9.768647,10.104095,10.428858,10.740932,11.043101,11.337391,11.611621,11.885104,-2.200132,-0.200139
0.000001,0.052317,0.000003,0.049381,0.023021,0.030294,0.208907,0.080829,4.064111,6.956569,7.414073,7.847883,4.185920,8.662740,9.044519,9.414812,9.770742,4.397174,10.436195,10.746642,11.050810,11.343433,11.620714,4.134780,-0.597211,-4.581976
1.931795,3.999843,3.175019,7.487068,0.031687,5.816525,10.308557,14.663302,7.121028,15.851976,16.338639,14.755972,2.791536,4.109859,11.879870,18.302986,4.091948,4.096225,10.493349,32.454763,27.046933,4.701221,3.864938,19.410742,-2.810175,-1.746411
0.000021,3.002595,5.928101,0.000257,9.982935,5.816525,4.567048,14.663302,9.482436,15.851976,15.680100,8.765614,17.212579,3.627729,3.920205,18.302986,16.416674,7.310140,5.118820,5.377242,3.841096,4.701221,3.864938,3.173999,-2.057791,-3.899135
1.912631,3.978445,5.282719,7.506332,2.633461,11.997988,3.043238,5.191961,11.814925,6.937991,11.035185,3.959039,6.242878,10.329301,9.581090,10.543544,2.631300,21.890035,5.192290,22.688298,12.119268,29.226874,16.581359,3.662826,-2.788443,-1.157925
0.200004,0.001569,2.020225,0.000008,9.973763,11.998461,13.181529,13.209011,16.326644,14.110263,16.486163,16.328073,16.787498,15.680879,20.171497,21.419834,16.710969,19.002458,4.146775,15.680347,20.652439,5.365872,8.487527,16.093329,-1.271470,-4.871074
0.000000,2.202692,0.000000,0.000002,9.999684,5.595386,3.374582,3.454980,3.335221,3.432384,3.505264,3.554990,3.595166,3.596693,3.593668,3.577877,3.522212,3.486057,3.421048,3.377177,3.278128,3.216160,3.114975,3.019960,-0.506802,-3.984503
1.999950,0.000004,2.381844,7.999894,9.982111,1.142651,0.978775,3.462262,3.616376,6.941516,7.409157,7.857026,3.624024,8.630356,9.044187,9.381493,9.789355,10.071084,3.431883,10.729080,11.025561,11.305752,11.594174,11.177164,-1.911973,-2.650387
0.896246,3.018604,5.999987,7.411959,9.973763,11.998461,10.612460,9.554776,11.909948,15.498857,16.486163,8.342953,17.209156,12.565008,19.956588,21.419834,15.776268,21.410224,9.601646,9.911428,20.652439,5.365872,3.752018,16.215605,-2.878163,-2.335196
1.800998,3.201649,5.999941,7.203663,1.121436,0.008233,0.064986,0.263963,8.031463,6.766697,7.409172,7.838758,7.836425,8.662360,8.581441,9.413052,9.761173,9.633710,10.430749,10.081980,11.036238,10.627923,11.617354,11.884804,-2.199932,-0.848018
1.571373,0.000005,0.000000,0.000004,9.999684,11.999751,13.085202,3.454980,3.335221,3.432384,3.505264,18.222149,3.595166,3.596693,3.593668,3.577877,3.522212,3.485010,3.421048,34.446168,3.278128,3.196752,3.108447,3.019960,-1.203719,-4.407498
1.032071,0.001569,2.020225,0.000322,9.973763,11.998395,13.181529,6.700222,16.326644,14.110263,16.486163,16.328073,16.787498,15.680879,20.128347,21.419834,16.710969,14.495472,9.601646,15.680347,20.652439,5.365872,8.487527,16.093329,-1.598868,-4.718843
0.200000,0.400002,2.388232,7.999758,2.051775,10.802502,1.560680,10.182479,8.193255,6.990063,7.461657,20.471190,8.369237,10.216186,9.053458,9.632485,4.483896,10.117735,10.465691,10.872434,11.142660,11.502183,11.795751,11.862544,-1.379112,-3.442712
1.800357,3.999999,5.401350,7.999997,0.043523,0.087819,0.049801,0.125728,7.935392,6.610148,7.397057,7.830674,7.786068,8.643301,9.027115,9.390790,9.743228,10.083633,10.408379,10.720523,11.021247,11.312371,10.761749,11.853896,-2.215773,-0.535119
0.376569,0.571960,1.414171,7.999964,2.133750,6.937202,13.158710,12.330349,12.542995,16.420289,17.762734,22.533607,11.737847,12.976831,8.859013,30.285874,23.266114,10.510082,10.538923,34.912031,9.550312,11.251198,17.445572,46.611411,-1.830944,-3.942757
0.896246,3.018604,5.999987,0.799994,9.973763,11.998461,10.612460,9.554776,11.909948,15.498857,16.486163,8.342953,17.209156,12.565008,19.956588,21.419834,4.600103,21.410224,9.601646,9.911428,20.652439,5.365872,3.752018,4.477441,-2.568261,-3.469237
0.200004,0.001569,0.000001,0.000008,9.973763,11.998461,13.181529,13.209011,16.326644,14.110263,16.486163,16.328073,16.787498,15.680879,20.171497,21.419834,16.710969,19.002458,4.146775,15.680347,20.652439,5.365872,8.487527,3.727506,-0.969061,-4.887123
1.931795,3.002595,3.175019,7.487068,5.398424,5.816525,1.227550,14.663302,4.224574,15.851976,16.338639,2.594640,2.791536,2.059071,11.879870,7.255909,16.416674,7.310140,5.118820,32.454763,27.046933,4.701221,0.204258,19.410742,-2.628309,-1.994236
1.999994,0.000970,6.000000,7.999998,0.029082,0.041308,0.107364,0.106004,7.788798,6.928319,7.381980,7.814564,3.652987,8.620568,9.010580,9.372269,9.720037,10.064464,3.632371,3.352277,3.283883,11.280258,11.556593,11.826822,-2.207482,-1.890038
1.101462,1.478376,1.975123,7.482964,2.627346,2.147891,7.571254,7.993399,9.677273,8.426416,7.406130,11.430084,8.255018,9.769395,2.517478,2.076312,27.737387,19.032876,16.028270,10.738602,2.474000,41.498114,11.608053,7.237099,-1.907322,-3.010051
0.000001,0.271672,1.414133,0.000004,9.999732,11.999916,3.493711,3.264343,3.344593,3.426533,3.508473,3.559091,3.587936,3.597251,3.592015,3.555582,3.529565,10.509413,3.460736,3.363711,3.274413,3.187101,3.111180,3.010419,-0.436932,-4.170648
1.999997,1.062997,5.999998,7.999758,0.027496,0.008254,0.064986,0.263963,8.033303,6.954069,7.407708,7.842813,8.258356,8.657676,9.042953,9.407910,9.764381,10.102727,10.428931,10.741247,11.042890,11.334946,11.797205,4.200005,-2.198914,-1.418979
1.101481,0.000003,0.442767,5.246369,0.041981,2.185864,3.667092,8.982796,3.526153,3.549115,3.943072,3.740622,3.786977,4.034828,3.668212,3.725684,3.922185,3.664573,4.164965,3.770309,3.842673,3.400344,3.255301,7.266929,-1.097340,-3.638580
1.143286,0.526098,4.733537,0.385751,1.197541,6.605848,3.070470,5.181042,12.559127,12.522000,17.764905,18.103455,12.993343,10.334671,8.861733,12.744427,26.820368,29.647908,14.751649,6.576679,32.280544,1.631143,0.598895,7.868473,-1.599933,-3.752895
1.121922,0.000003,0.000001,1.736342,9.716164,11.999884,5.083504,3.434120,3.595296,3.728777,3.835846,3.919097,3.978378,4.020057,4.042131,4.050671,4.038792,4.015384,3.981076,3.935148,3.878546,3.814530,3.741852,3.664104,-0.868770,-4.081949
1.999994,4.000000,5.999998,7.999998,0.028751,0.041308,0.191685,3.606391,8.183633,6.971436,7.426945,7.863441,3.792730,8.681866,9.069254,9.438361,9.792539,10.132408,10.458087,10.777863,3.326258,11.376161,11.651770,11.116079,-2.375471,-0.375476
1.999995,4.000000,5.999999,7.999998,0.026458,6.434861,9.786379,13.540405,7.871987,6.933073,7.385994,7.820296,8.233669,2.050071,9.015757,9.378641,9.732272,10.067730,10.394904,10.704589,11.000141,11.292358,11.571187,11.836481,-2.772024,-0.772029
1.931795,0.042959,3.175019,7.487068,0.031687,5.816525,10.308557,14.663302,3.559557,15.851976,16.338639,14.755972,2.791536,2.933624,11.879870,18.302986,4.091948,4.096225,10.493349,32.454763,27.046933,4.701221,3.864938,19.410742,-2.250185,-2.910971
1.799958,3.018604,5.008849,0.000322,9.973763,11.138751,9.555127,6.717048,1.429846,6.974278,7.027443,7.441372,17.209156,15.680879,20.171497,21.419834,11.230126,14.548535,9.601646,8.598470,20.652439,5.365872,3.752018,16.215605,-2.505136,-3.082806
1.837652,3.999950,4.909358,0.000322,0.038490,0.073149,9.580323,7.403418,9.068871,6.961470,7.401126,9.314931,8.270987,8.663916,9.042374,9.459038,9.739600,10.081013,10.449015,10.740974,11.019314,11.330989,12.199500,12.142957,-1.916258,-2.060683
0.390152,0.526098,4.733537,0.385751,1.197541,6.605848,3.070470,6.048673,12.559127,12.522000,17.764905,18.103455,25.400179,10.334671,8.876189,12.260053,26.820368,29.647908,14.751649,6.576679,32.280544,1.631143,0.598895,7.868473,-1.384200,-4.091203
1.999997,2.002781,6.000000,7.999997,0.138537,0.026890,0.011890,6.695225,8.031920,6.953184,7.407938,7.842455,8.259567,8.658125,9.042342,9.409469,9.761378,10.101566,10.428315,10.741572,11.043255,11.334052,11.610169,11.880208,-2.127107,-0.944724
0.896246,1.823147,2.514046,0.000322,9.973763,11.998461,13.204381,9.554776,11.909948,13.193538,16.486163,15.233208,17.209156,12.565008,19.956588,21.419834,16.710969,10.077680,3.439775,15.353194,8.679174,12.223460,9.677919,15.028012,-1.955552,-4.434839
0.200004,0.001569,0.000001,0.000008,9.973763,11.998461,13.584363,13.799102,17.129702,14.110263,16.486163,16.733966,16.787498,15.680879,20.171497,21.419834,17.830628,19.002458,4.649717,15.680347,20.652439,5.365872,8.418633,3.727506,-1.003328,-4.921390
0.200004,0.001569,2.716726,0.000008,9.973763,11.998461,13.584363,13.799102,17.129702,14.110263,16.486163,16.733966,17.624341,15.680879,20.171497,21.419834,17.830628,19.002458,4.649717,15.680347,21.079639,5.365872,8.418633,3.727506,-1.382565,-4.857495
1.799958,0.000004,5.008849,0.000322,9.973763,11.998461,9.555127,3.154955,16.326644,6.974278,7.027443,7.441372,17.209156,15.680879,20.171497,21.419834,11.230126,14.548535,9.601646,8.598470,20.652439,5.365872,3.752018,16.215605,-2.078206,-3.925759
1.999993,2.119146,5.999999,8.000000,8.855164,0.041308,0.192309,0.113755,2.958826,6.970361,7.426784,7.865503,18.300656,8.681289,10.782523,9.440529,21.906153,17.207767,10.458087,10.773897,11.085148,11.376948,4.353325,11.921960,-2.391928,-1.160354
1.912631,3.476886,5.282719,4.252538,1.681608,0.248268,3.043238,5.191961,3.680376,6.937991,16.098813,14.807661,16.745117,10.329301,9.581090,11.755654,16.091921,13.190013,8.909782,21.305876,31.941778,6.509172,2.907477,38.773474,-2.390494,-1.659301
0.896246,3.999891,5.999875,7.999868,9.999744,11.998461,9.555127,9.554776,11.909948,6.946364,6.520552,15.233208,8.917699,12.565008,4.507696,21.419834,16.710969,4.572868,9.601646,10.077664,20.652439,12.009865,11.610393,16.215605,-2.951102,-1.858113
1.101481,0.002959,0.006802,7.482932,2.619508,10.807826,7.682774,2.895734,3.526153,3.549115,3.943072,3.740622,3.786977,3.913892,3.668212,3.725684,3.922185,3.664573,3.637876,3.888029,3.861718,3.400344,3.255301,7.266929,-1.357755,-3.590806
1.799956,3.002890,0.000387,7.999998,9.999454,11.995260,4.974651,3.560009,3.602349,3.739297,3.836599,3.923235,3.986380,26.435984,4.046409,14.127543,26.581284,4.025949,10.661787,19.583302,3.912890,3.819920,10.820179,32.532862,-2.440446,-2.736267
1.079868,4.000000,4.590173,2.703840,2.129971,11.114240,0.678845,0.973839,1.880103,6.951525,7.405837,17.755847,8.255642,8.655615,17.146326,9.403904,14.993435,29.541288,6.918089,10.737451,11.036600,11.326877,11.607528,11.877418,-2.075784,-2.385311
1.999997,4.000000,2.020225,0.000322,0.039556,0.068321,0.047096,0.139206,7.854359,6.932928,7.384824,7.817963,8.232810,8.628695,9.010580,9.376182,9.723457,10.062410,10.387214,10.699296,10.996587,11.287544,8.512198,11.828257,-1.919355,-2.761814
0.133844,3.615852,0.324784,0.083781,0.025179,3.610750,3.095621,0.045438,8.388430,6.917746,0.954049,8.055221,24.350806,1.240078,23.333064,24.543177,8.065366,14.667183,17.206725,13.476002,21.428950,4.824498,11.593692,11.881299,-1.242004,-4.124789
1.912631,3.476886,4.733537,7.506332,0.037956,0.248268,3.043238,5.191961,3.680376,3.936119,19.572407,18.098939,3.168656,10.329301,11.477648,3.042679,2.631300,30.036692,2.788647,36.771088,32.272592,11.294670,16.581359,2.191744,-2.642806,-1.372504
1.999997,3.999987,5.928101,0.000257,9.982935,5.816525,0.221938,0.150304,8.395545,15.851976,15.680100,8.765614,17.212579,3.627729,9.091600,18.302986,16.416674,7.310140,5.118820,10.649397,11.120024,11.437855,11.705691,3.173999,-2.591484,-2.295405
1.931795,3.999987,5.928101,0.000257,9.982935,5.816525,10.308557,14.663302,4.378786,15.851976,15.680100,8.765614,17.212579,3.627729,9.091600,18.302986,16.416674,7.310140,5.118820,10.649397,20.657386,11.437855,11.705691,3.173999,-2.808912,-2.572616
0.200004,0.001569,2.020225,0.000322,9.973763,11.998461,4.006093,9.342670,16.326644,14.110263,16.486163,16.328073,16.787498,3.115740,20.171497,21.419834,16.710969,14.548535,4.146775,15.680347,20.652439,5.365872,8.487527,16.093329,-0.863805,-4.463369
1.992339,0.000968,1.414171,0.203944,9.985107,6.937202,13.158710,3.596739,12.542995,16.420289,17.762734,22.533607,11.737847,12.976831,8.859013,30.285874,9.658877,10.210412,10.562985,34.912031,10.214010,11.251198,11.772919,46.611411,-1.714026,-4.288015
1.931795,0.300261,5.928101,0.000026,9.982935,5.816525,10.308557,14.663302,8.395545,15.851976,15.680100,8.765614,17.212579,3.627729,9.091600,5.473430,16.416674,7.310140,5.118820,10.649397,20.657386,3.903867,11.705691,3.614333,-2.238284,-3.604119
1.999032,0.000006,2.388232,7.999758,1.148045,1.261490,4.822816,10.182479,8.193255,6.990063,7.461657,20.471190,8.369237,10.216186,9.053458,3.996960,9.787960,10.117735,10.465691,10.872434,11.142660,3.740107,11.795751,11.862544,-1.856941,-2.594334
1.999994,3.999998,4.422461,7.999987,0.023021,6.141122,0.208907,0.080829,8.048988,12.036965,7.414073,7.847883,8.261462,8.660395,9.044519,9.412098,15.950609,10.106210,10.436195,10.743371,11.050810,11.343433,17.280797,11.895125,-2.410437,-0.833361
1.912631,3.978445,5.282719,7.506332,2.633461,11.997988,3.043238,5.191961,11.814925,6.937991,11.035185,3.959039,6.242878,10.329301,10.364058,10.543544,2.631300,21.890035,5.192290,28.882551,12.119268,29.226874,16.581359,3.662826,-2.816482,-1.185963
0.000470,0.000968,0.000709,0.203944,9.985107,6.937202,13.158710,12.585924,3.757726,16.420289,17.762734,22.533607,8.723126,12.976831,8.859013,30.285874,5.835583,4.631295,10.562985,2.326790,2.200478,22.194681,41.159408,43.231059,-0.680022,-4.659323
0.896246,3.999891,5.999875,7.999997,0.142286,0.087829,9.555127,9.554776,11.909948,6.946364,7.777820,15.233208,8.917699,8.660856,9.028224,21.419834,16.710969,21.410224,9.601646,10.077664,20.652439,5.365872,11.610393,16.215605,-2.693054,-1.600037
1.999997,0.000003,0.442767,5.246369,0.041981,2.185864,3.667092,8.982796,3.526153,3.549115,3.943072,3.740622,3.786977,4.034828,9.010580,9.376182,3.922185,3.664573,4.164965,3.770309,3.842673,3.400344,3.255301,7.266929,-1.439091,-3.295017
0.376569,0.571960,1.414171,0.799971,2.133750,6.937202,13.158710,12.330349,12.542995,16.420289,17.762734,22.533607,11.737847,12.976831,8.859013,30.285874,3.339490,10.510082,10.538923,3.535186,9.550312,11.251198,17.445572,3.341793,-1.187186,-4.532901
1.914324,0.000003,5.873354,0.000005,9.999703,11.999885,5.083504,0.681680,3.595296,3.728139,3.835846,8.851316,8.712210,8.803812,4.042131,4.050671,4.039890,4.015384,10.832665,3.935148,3.878546,3.814138,3.741852,3.663086,-1.902226,-3.422519
1.999997,0.000003,0.442767,7.999990,0.041981,2.185864,3.667092,8.982796,3.526153,6.938111,3.943072,3.740622,3.786977,4.034828,9.010580,9.376182,9.737807,3.664573,10.394828,3.770309,3.842673,3.400344,3.255301,7.266929,-1.713719,-3.004413
1.931795,3.002595,3.175019,7.999997,9.994028,5.816525,0.314175,0.039071,9.482436,15.851976,16.338639,14.755972,2.791536,4.109859,11.879870,18.302986,4.091948,4.096225,5.118820,10.774499,27.046933,4.701221,3.864938,19.410742,-2.718757,-1.973433
1.176076,3.999891,5.999875,7.999868,9.999744,11.998461,9.555127,9.554776,11.909948,6.946364,6.520552,15.233208,17.207170,9.596678,4.507696,21.419834,16.708375,4.572868,9.601646,10.077664,20.652439,12.009865,11.610393,16.215605,-2.972930,-1.643443
0.696408,0.000092,0.000009,0.000004,9.999679,8.776041,5.047079,3.437565,3.600098,3.726162,3.835728,3.922210,3.981683,4.021344,4.045343,4.050571,4.040576,4.016668,3.983228,3.937319,3.886430,3.816255,3.743233,3.668430,-0.389721,-4.079732
1.731798,3.018604,2.514046,0.000322,9.973763,11.998461,9.555127,9.554776,11.909948,6.301869,16.486163,15.233208,17.209156,12.565008,19.956588,21.419834,16.710969,21.410224,9.601646,10.077664,20.652439,3.949459,3.752018,16.215605,-2.429640,-3.777711
0.376569,0.571960,1.414171,7.999964,2.133750,6.937202,13.158710,12.330349,12.542995,16.420289,17.762734,22.533607,8.256734,12.976831,8.859013,30.285874,9.767359,10.510082,10.538923,34.912031,9.550312,11.251198,17.445572,46.611411,-1.849181,-3.960994
0.896246,2.628571,2.514046,0.000322,9.973763,11.998461,9.555127,9.554776,11.909948,13.193538,15.971433,15.233208,17.209156,12.565008,19.956588,23.459801,16.710969,10.077680,3.439775,14.670567,20.652439,4.573731,9.677919,15.028012,-2.107149,-4.284690
1.799629,3.418593,5.999875,7.999999,8.988110,0.016368,0.011663,0.138206,8.023215,6.929702,7.777937,7.836210,8.306869,9.107199,9.042374,9.638663,10.329948,10.086802,10.457737,10.797061,11.130961,11.387896,11.609447,11.948219,-2.468723,-0.863139
1.912631,3.978445,5.282719,0.000001,2.633461,0.248268,3.043238,5.191961,11.814925,6.937991,11.035185,3.959039,6.242878,10.329301,9.581090,10.543544,2.631300,21.890035,5.192290,22.688298,12.119268,29.226874,16.581359,37.883137,-2.202356,-2.181195
