0.069464 0.069464 0.069464 0.069464 10.069464
0.069464 0.069464 0.069464 0.069464 10.069464
0.069464 0.069464 0.069464 0.069464 10.069464
0.069464 0.069464 0.069464 0.069464 10.069464
0.069464 0.069464 0.069464 0.069464 10.069464
0.069464 0.069464 0.069464 0.069464 10.069464
0.069464 0.069464 0.069464 0.069464 10.069464
0.069464 0.069464 0.069464 0.069464 10.069464
0.069464 0.069464 0.069464 0.069464 10.069464
0.069464 0.069464 0.069464 0.069464 10.069464
0.069464 0.069464 0.069464 0.069464 10.069464
0.069464 0.069464 0.069464 0.069464 10.069464
0.069464 0.069464 0.069464 0.069464 10.069464
0.069464 0.069464 0.069464 0.069464 10.069464
0.069464 0.069464 0.069464 0.069464 10.069464
0.069464 0.069464 0.069464 0.069464 10.069464
0.069464 0.069464 0.069464 0.069464 10.069464
0.069464 0.069464 0.069464 0.069464 10.069464
0.069464 0.069464 0.069464 0.069464 10.069464
0.069464 0.069464 0.069464 0.069464 10.069464
0.069464 0.069464 0.069464 0.069464 10.069464
0.069464 0.069464 0.069464 0.069464 10.069464
0.069464 0.069464 0.069464 0.069464 10.069464
0.069464 0.069464 0.069464 0.069464 10.069464
0.069464 0.069464 0.069464 0.069464 10.069464
0.069464 0.069464 0.069464 0.069464 10.069464
0.069464 0.069464 0.069464 0.069464 10.069464
0.069464 0.069464 0.069464 0.069464 10.069464
0.069464 0.069464 0.069464 0.069464 10.069464
0.069464 0.069464 0.069464 0.069464 10.069464
0.069464 0.069464 0.069464 0.069464 10.069464
0.069464 0.069464 0.069464 0.069464 10.069464
0.069464 0.069464 0.069464 0.069464 10.069464
0.069464 0.069464 0.069464 0.069464 10.069464
0.069464 0.069464 0.069464 0.069464 10.069464
0.069464 0.069464 0.069464 0.069464 10.069464
0.069464 0.069464 0.069464 0.069464 10.069464
0.069464 0.069464 0.069464 0.069464 10.069464
0.069464 0.069464 0.069464 0.069464 10.069464
0.069464 0.069464 0.069464 0.069464 10.069464
1.499721 0.06961 0.250403 0.075467 0.069464
1.794837 0.069496 0.087267 0.08337 0.069464
1.90704 0.069677 0.070869 0.079543 0.069464
1.91284 0.069553 0.07236 0.076343 0.069464
2.000402 0.069536 0.070633 0.069785 0.069464
1.926928 0.069515 0.070002 0.080869 0.069464
1.932117 0.069482 0.069863 0.081393 0.069464
1.726493 0.069496 0.070157 0.164702 0.069464
1.894745 0.069767 0.073551 0.075662 0.069464
1.914024 0.069595 0.069878 0.083166 0.069464
999 999 999 999 999
2.741069 0.978515 0.97769 0.975646 1.042544
2.589016 0.979249 0.983831 1.016172 1.017123
2.719001 0.984744 0.988284 0.992492 0.98874
2.915818 0.986347 0.985879 0.987079 0.985876
2.742341 0.981528 0.997828 0.982229 0.985121
999 999 999 999 999
2.765741 0.983152 0.987657 0.982837 1.037359
2.843627 0.969096 0.971983 0.969228 0.971342
2.653366 0.97132 0.985585 0.971087 1.119019
2.822973 0.980832 0.980422 0.981039 1.013781
999 999 999 999 999
999 999 999 999 999
999 999 999 999 999
999 999 999 999 999
999 999 999 999 999
999 999 999 999 999
999 999 999 999 999
2.288434 0.567044 0.556723 0.570318 0.556719
999 999 999 999 999
0.889788 0.069464 0.069465 0.239251 2.82057
0.635808 0.098473 0.075462 0.297867 2.894123
1.733318 0.815429 0.815 0.813934 4.507895
1.744678 0.82679 0.82636 0.825295 4.519255
0.717269 0.069464 0.181897 0.069464 4.020161
1.750519 0.959835 0.959863 0.958161 4.907706
0.362702 0.069467 0.078508 0.366362 4.628191
1.470625 0.921522 0.92076 0.924894 5.656284
1.270747 0.808378 0.807606 0.808564 6.321135
0.395878 0.101882 0.187709 1.778798 0.208021
1.240563 0.832841 0.833496 0.832776 6.807155
0.4231 0.157647 0.297276 2.053112 0.133948
1.098665 0.832813 0.832765 0.832771 7.189652
0.681785 0.137638 0.137557 2.608215 0.137571
1.360916 0.864562 0.864746 3.437671 0.869333
1.120683 0.888612 0.88856 0.888638 7.579583
0.152503 0.069465 0.072025 0.153539 7.584007
0.299676 0.071192 0.184581 3.119759 0.069464
1.04647 0.893076 0.893082 0.892752 8.467232
1.383182 0.960235 0.960392 3.883987 0.965006
0.106368 0.106368 0.106368 8.103927 0.106368
0.206151 0.206151 0.206151 8.20371 0.206151
0.304388 0.304388 0.304388 8.301947 0.304388
0.106368 0.106368 0.106368 8.103927 0.106368
0.106368 0.106368 0.106368 8.103927 0.106368
0.206151 0.206151 0.206151 8.20371 0.206151
0.839073 0.839073 0.839073 8.474717 0.877576
0.415021 0.415021 0.415021 3.744837 4.41497
0.549037 0.549037 0.549037 3.878852 4.548985
0.348497 0.348497 0.348497 3.678313 4.348446
0.069464 0.069464 0.069464 4.579414 2.82057
0.790637 0.790637 0.790637 4.415034 4.741334
0.415021 0.415021 0.415021 0.415021 10.415021
0.322584 0.322584 0.322584 0.322584 10.322584
0.369541 0.369541 0.369541 0.369541 10.369541
0.948506 0.948506 0.948506 0.948506 10.948506
0.169248 0.169248 0.169248 6.034081 2.134495
0.106368 0.106368 0.106368 5.570172 2.106622
0.912037 0.912037 0.912037 0.912037 10.912037
1.076506 0.875623 0.875365 4.984373 0.889767
0.839896 0.839896 0.839896 6.763746 2.784504
0.911896 0.911896 0.911896 6.835747 2.856504
0.867308 0.867308 0.867308 6.791158 2.811916
0.157355 0.069526 0.069569 0.069464 8.069709
0.948506 0.948506 0.948506 0.948506 10.948506
1.154293 0.110281 0.719158 0.106412 0.106368
1.206568 0.859203 0.859332 2.659949 2.859362
0.737024 0.071957 0.45983 0.083116 2.069718
1.0354 0.696118 0.696906 2.496864 2.696277
0.069464 0.069464 0.069464 2.621034 4.628191
0.836093 0.836093 0.836093 2.555363 6.810487
0.30283 0.08679 0.087241 4.311677 0.086717
0.922226 0.922226 0.922226 4.546623 4.872923
0.955806 0.955806 0.955806 2.675076 6.9302
0.865441 0.526159 0.526948 2.326906 2.526319
2.276071 0.973313 0.973795 0.975849 2.973468
1.046595 0.073112 0.640857 0.089446 0.069464
0.975089 0.975089 0.975089 8.909418 0.975323
0.069464 0.069464 0.069464 2.408197 5.0794
1.181961 0.981078 0.980821 5.089829 0.995222
0.069464 0.069464 0.069464 6.431824 1.646582
0.268545 0.069879 0.069615 4.473062 0.069464
0.789843 0.789843 0.789843 2.895442 6.304053
0.292705 0.1499 0.149898 3.360513 2.1244
0.069464 0.069464 0.069464 2.052358 5.797211
0.460179 0.072549 0.073172 0.074418 5.797211
0.069464 0.069464 0.069464 0.069464 10.069464
0.865282 0.865282 0.865282 1.56842 8.439986
0.864602 0.14765 0.524771 0.090943 0.074714
1.120045 0.956878 0.9571 4.346707 2.508339
0.298869 0.092247 0.152567 1.27079 2.096631
0.956024 0.956024 0.956024 7.337842 2.508218
0.157355 0.069526 0.069569 0.069464 8.069709
2.135718 0.838074 0.840159 0.837822 2.838212
1.573884 0.863256 0.863083 2.701004 0.863083
0.220193 0.069778 0.069579 3.403539 1.946072
0.872086 0.872086 0.872086 4.806949 4.566046
1.548475 0.069472 0.070033 0.069464 1.963481
0.985746 0.985746 0.985746 8.975361 0.985747
0.132534 0.069464 0.08041 2.134 4.020161
1.053184 0.886781 0.887186 5.558587 0.886846
0.219144 0.069666 0.069931 4.91169 0.069464
0.972661 0.972661 0.972661 1.614772 8.715673
1.079689 0.967132 0.967453 4.552671 2.911696
1.025922 0.946528 0.946427 2.570402 4.968259
1.542039 0.097677 0.070146 0.149121 0.069464
0.069464 0.069464 0.069464 6.482724 1.580085
0.460179 0.072549 0.073172 0.074418 5.797211
0.069464 0.069464 0.069464 1.884819 5.988978
0.972268 0.972268 0.972268 3.114964 6.412388
2.311451 0.973313 0.973808 0.973354 2.973468
1.111085 0.980235 0.980288 6.0346 0.980683
1.669254 0.958626 0.958454 2.796374 0.958453
0.568108 0.070607 0.0697 1.710438 1.580085
0.157355 0.069526 0.069569 0.069464 8.069709
0.988809 0.876252 0.876572 4.461791 2.820816
0.069464 0.069464 0.069464 6.752009 1.175607
1.782902 0.078452 0.069688 0.089452 0.069464
0.132534 0.069464 0.08041 2.134 4.020161
0.960966 0.069464 0.069792 0.069464 4.020161
0.219144 0.069666 0.069931 4.91169 0.069464
0.653638 0.653638 0.653638 7.521404 1.463161
1.548475 0.069472 0.070033 0.069464 1.963481
0.372472 0.099557 0.17923 1.656227 0.832091
1.182991 0.835626 0.835755 2.636372 2.835785
0.140365 0.140365 0.140365 4.650315 2.891472
0.87535 0.87535 0.87535 1.517461 8.618362
0.936967 0.857573 0.857472 2.481447 4.879304
0.197413 0.070474 0.070678 0.627905 5.797211
0.191433 0.069744 0.069522 3.951276 1.580085
1.338664 0.59569 0.597805 1.672633 1.404923
1.102109 0.971258 0.971312 6.025624 0.971707
0.069464 0.069464 0.069464 0.069464 10.069464
2.30908 0.970943 0.971438 0.970983 2.971097
0.157082 0.157082 0.157082 1.149961 6.760062
1.136493 0.944491 0.944497 2.226638 4.894501
0.957161 0.957161 0.957161 7.78273 1.833498
0.163804 0.069684 0.069695 5.53539 0.069464
0.973306 0.973306 0.973306 6.446119 2.973468
0.139248 0.069464 0.069521 5.950369 0.069464
0.284529 0.069464 0.106791 0.996846 4.020161
1.079576 0.974605 0.974652 5.009694 2.602135
0.986208 0.986208 0.986208 2.705478 6.960602
0.132399 0.106465 0.12159 6.335341 0.106368
0.069464 0.069464 0.069464 4.004327 3.763424
1.019928 0.069675 0.070017 1.179115 0.069464
1.564004 0.855482 0.85531 2.687785 0.855341
1.673309 0.194305 0.194867 0.194298 2.088315
0.336755 0.130133 0.190453 1.308676 2.134517
0.862392 0.862392 0.862392 5.359553 3.635329
1.000209 0.960642 0.960657 7.201412 0.965415
2.024821 0.069474 0.070217 0.069464 0.069496
1.215438 0.393864 0.873013 0.407686 1.388239
0.223352 0.069559 0.069579 3.403539 1.946072
0.299676 0.071192 0.184581 3.119759 0.069464
0.959331 0.959331 0.959331 1.601442 8.702343
0.389458 0.389458 0.389458 1.382337 6.992438
0.943431 0.943431 0.943431 0.943431 10.943431
0.179132 0.069464 0.069464 2.638431 2.82057
0.103034 0.069483 0.069478 4.950507 1.838122
1.491299 0.864632 0.864654 1.194865 3.635329
1.304667 0.957302 0.957431 2.758048 2.957462
0.952145 0.952145 0.952145 5.114998 4.311314
1.429241 0.598246 1.078321 0.612994 1.593547
0.496961 0.069784 0.07328 0.071357 5.797211
0.849983 0.810417 0.810431 7.051186 0.81519
0.973919 0.973919 0.973919 8.963533 0.97392
0.529299 0.314233 0.35156 1.241615 4.26493
1.075547 0.985897 0.985875 0.985931 8.98612
1.149502 0.892547 0.893197 2.258657 4.269929
1.527876 0.978773 0.97801 0.982144 5.713535
1.114353 0.593347 0.59483 1.348547 2.898224
1.331392 0.959955 0.960093 3.527629 1.769477
0.069464 0.069464 0.069464 0.069464 10.069464
0.069464 0.069464 0.069464 4.004327 3.763424
1.443768 0.70835 0.71162 1.785296 1.517585
0.15505 0.15505 0.15505 2.260648 5.669259
1.070603 0.955622 0.955778 3.344378 3.728042
0.113165 0.069476 0.069482 6.378718 0.069464
0.977575 0.977575 0.977575 3.235246 6.169951
1.303635 0.932198 0.932336 3.499872 1.74172
0.323858 0.236028 0.236071 0.235966 8.236211
0.586398 0.069469 0.085408 0.074445 4.628191
1.008207 0.4872 0.488683 1.242401 2.792078
0.634858 0.489871 0.490207 1.259395 5.499806
1.262112 0.31186 0.312201 1.4213 0.311648
0.762037 0.72247 0.722485 6.96324 0.727243
0.157082 0.157082 0.157082 1.149961 6.760062
0.981013 0.724059 0.724708 2.090169 4.10144
0.496035 0.322398 0.322395 4.226224 0.808402
0.202995 0.093327 0.093327 2.662294 2.844434
1.006555 0.069869 0.070761 0.072908 3.511348
0.9763 0.871329 0.871376 4.906419 2.498859
0.28491 0.069571 0.069619 0.069488 6.947383
1.402448 0.598177 1.062814 0.630339 1.593547
0.818746 0.818746 0.818746 5.315906 3.591682
2.419121 0.971822 0.984095 0.971621 2.523681
0.611281 0.466294 0.46663 1.235818 5.476229
0.494715 0.494715 0.494715 5.634241 2.549668
1.705726 0.596103 1.208404 0.59617 0.596093
1.386058 0.981182 0.981683 0.981219 6.955476
1.009426 0.894445 0.894601 3.283201 3.666865
1.406279 0.07487 0.099722 0.074762 1.175607
1.584653 0.728935 0.714581 0.713217 4.072178
0.481254 0.069474 0.070191 3.119759 0.069464
0.228321 0.131387 0.131633 2.496384 3.50877
1.477012 0.52676 0.527101 1.6362 0.526548
0.784764 0.784764 0.784764 3.336335 5.343492
1.194717 0.592987 0.940613 0.61705 2.691556
0.069464 0.069464 0.069464 4.221334 3.446847
0.916017 0.488772 0.489765 2.756386 1.260858
0.926938 0.741365 0.741618 4.596685 1.026375
0.726537 0.340341 0.33786 2.60448 1.108952
0.970701 0.970701 0.970701 7.796269 1.847038
0.973919 0.973919 0.973919 3.437506 5.709573
0.716265 0.66522 0.665445 1.689567 6.469179
1.901398 0.958499 0.959115 1.609068 1.834651
0.251848 0.087577 0.135534 1.024556 3.446847
0.629107 0.481332 0.481024 3.691934 2.455821
0.845218 0.069471 0.093391 0.854899 1.066918
0.187601 0.11031 0.110319 4.598765 1.394057
0.069464 0.069464 0.069464 0.069464 10.069464
0.967526 0.967526 0.967526 8.95714 0.967527
1.901382 0.958483 0.959098 1.609051 1.834635
0.298869 0.092247 0.152567 1.27079 2.096631
0.091915 0.069548 0.082593 5.441882 0.832091
0.069464 0.069464 0.069464 7.020764 0.750379
0.981082 0.981082 0.981082 0.981082 10.981082
0.891261 0.891261 0.891261 1.88414 7.494242
0.362229 0.339862 0.352907 5.712196 1.102405
0.447085 0.447085 0.447085 5.586611 2.502039
1.198467 0.596737 0.944363 0.6208 2.695306
1.986316 0.573425 0.575554 0.586664 1.567217
1.598736 0.595181 1.148319 0.635765 0.595178
2.264885 0.378882 0.379559 0.380714 0.378463
0.918014 0.069472 0.073059 0.854899 1.066918
0.990301 0.956794 0.956932 6.437513 1.766317
0.602157 0.431267 0.431645 4.335099 0.917277
0.693633 0.693633 0.693633 1.686512 7.296613
0.648582 0.648582 0.648582 8.083464 0.78426
0.539145 0.394158 0.394494 1.163682 5.404093
0.110161 0.069464 0.076527 1.401658 5.0794
1.589907 0.599146 0.600675 0.59931 3.958271
0.828831 0.401586 0.402578 2.669199 1.173671
0.932098 0.863966 0.863969 3.734384 3.63666
1.075366 0.985716 0.985695 0.98575 8.985939
0.522504 0.282876 0.282747 0.282784 6.885726
1.008258 0.950535 0.950613 2.149742 6.142652
0.968614 0.968614 0.968614 5.46617 3.740874
0.370151 0.370151 0.370151 6.783411 1.880772
1.086294 0.974203 0.974253 5.28298 1.971656
0.998615 0.414841 0.416162 0.414344 4.980368
0.330856 0.330856 0.330856 0.669649 8.335388
0.587927 0.519795 0.519797 3.390213 3.292488
0.941086 0.941086 0.941086 4.565483 4.891783
0.185678 0.185678 0.185678 7.136977 0.866593
0.069464 0.069464 0.069464 2.621034 4.628191
1.689974 0.118657 0.116807 0.118861 0.992632
0.932747 0.675792 0.676442 2.041902 4.053174
0.448469 0.380337 0.38034 3.250755 3.15303
0.444758 0.444758 0.444758 2.164027 6.419151
0.604531 0.604531 0.604531 3.156101 5.163258
1.402126 0.451874 0.452215 1.561314 0.451662
0.498936 0.498936 0.498936 0.837729 8.503468
0.268577 0.268577 0.268577 4.778527 3.019684
0.537275 0.154935 0.15508 2.137513 2.04895
0.251848 0.087577 0.135534 1.024556 3.446847
0.89575 0.860902 0.860911 6.341621 1.670425
0.757314 0.544703 0.544946 0.544649 7.422522
0.638882 0.423816 0.461143 1.351198 4.374513
1.062432 0.478658 0.479979 0.478161 5.044185
0.882658 0.860902 0.861023 4.449794 3.633839
0.288802 0.266435 0.27948 5.638769 1.028978
1.148843 0.740529 0.740153 3.663748 0.744768
0.979388 0.571075 0.570699 3.494294 0.575314
1.913388 0.811907 0.812625 1.571892 0.811706
0.838906 0.778253 0.777992 1.977447 5.970357
1.363922 0.971971 0.972146 3.361129 1.969424
0.848568 0.444837 0.445485 0.444924 6.419151
1.043352 0.974605 0.974635 3.617261 4.371534
0.672786 0.129382 0.288021 0.075534 2.096631
0.857078 0.744987 0.745037 5.053764 1.742441
1.91443 0.974632 0.975053 0.986164 4.37156
0.435894 0.435894 0.435894 4.587764 3.813277
0.99991 0.509954 0.793007 0.529547 3.950569
0.953604 0.953604 0.953604 1.946483 7.556585
1.351299 0.270184 0.268578 0.26858 3.019684
0.468186 0.374421 0.374424 4.324788 2.142655
0.256808 0.086755 0.091796 3.751327 0.849256
0.687986 0.408396 0.409045 1.892327 3.159501
1.440418 0.95857 0.958453 2.204673 2.959754
1.180175 0.902263 0.900731 1.666717 4.900679
